0.1290223
0.1927071
0.1542173
0.1689321
0.1363904
0.2942956
0.2221066
0.2194119
0.230374
0.20092
0.3200154
0.2072286
0.1948992
0.244998
0.2034483
0.1870304
0.204634
0.2178876
0.3248395
0.3631235
0.1401285
0.1498486
0.2247049
0.2422676
0.228221
0.1976037
0.2712801
0.2288803
0.2133552
0.2889658
0.2217188
0.2558154
0.24546
0.2442982
0.4219946
0.5141286
0.2946293
0.2961565
0.2662113
0.2887167
0.3125556
0.4891724
0.3762265
0.3881453
0.3860382
0.4202194
0.4276039
0.3368873
0.3653059
0.3064746
0.2974935
0.2591067
0.301881
0.3034271
0.3336678
0.3372591
0.3762248
0.2445905
0.2315658
0.31581
0.3327146
0.2272882
0.2952316
0.3962482
0.2470094
0.4055896
0.3662575
0.3242262
0.3818596
0.2981543
0.4162142
0.4341143
0.4234257
0.4283671
0.4513559
0.3077005
0.1930741
0.2814472
0.2583161
0.2210048
0.2419336
0.1770874
0.1681038
0.205057
0.1561235
0.1837045
0.1737701
0.20723
0.1974815
0.2452577
0.2239983
0.1670081
0.2577352
0.2051718
0.2251763
0.2504687
0.2848873
0.3378319
0.2107111
0.2497709
0.1716056
0.1828436
0.176681
0.1571814
0.1456528
0.193084
0.1568857
0.1940854
0.2220565
0.2407939
0.2038854
0.235289
0.3159404
0.2394453
0.1854876
0.2642562
0.1929371
0.2656843
0.1507483
0.1620304
0.2269838
0.18925
0.1986699
0.2514885
0.428283
0.2185103
0.2296547
0.2455923
0.2135561
0.2730284
0.3588467
0.1634747
0.2177041
0.2220129
0.2145018
0.1832204
0.2737409
0.1892325
0.1777998
0.1619021
0.1805053
0.1911312
0.2031714
0.1819551
0.1696731
0.2216316
0.1857816
0.157475
0.2154481
0.2518265
0.2731095
0.1708589
0.190244
0.3063603
0.3689293
0.2069623
0.249991
0.168617
0.2581088
0.2473254
0.1942305
0.2163109
0.1712846
0.1615331
0.2027902
0.2196315
0.3557286
0.207965
0.264695
0.1856165
0.2760733
0.1699046
0.1367936
0.2484163
0.2105788
0.1496234
0.1515076
0.2288282
0.1992737
0.2282752
0.1588859
0.2442095
0.1801442
0.1729311
0.1156359
0.2262196
0.2708891
0.1547276
0.1916666
0.1836886
0.169707
0.1693778
0.1775299
0.1899769
0.167213
0.2387648
0.1946722
0.2441741
0.2409991
0.2139272
0.2153939
0.2761195
0.2176563
0.2028533
0.1451107
0.1686737
0.1577878
0.160613
0.1866929
0.2063928
0.1679925
0.1375327
0.2279686
0.3261697
0.296609
0.1772138
0.3292068
0.2853998
0.3329303
0.2341761
0.1993205
0.1985951
0.2850856
0.2427516
0.3250779
0.3846102
0.4221427
0.3230732
0.2365506
0.2992377
0.2185451
0.3373601
0.2690044
0.3467272
0.3856573
0.4143471
0.4265196
0.269515
0.2890116
0.252878
0.2312779
0.2757028
0.2257879
0.2626702
0.2246649
0.2019226
0.1386419
0.1366037
0.142069
0.1443777
0.1313773
0.2305137
0.1504593
0.1502982
0.2191098
0.1556079
0.1846282
0.1956094
0.2372958
0.1643337
0.2072108
0.2010526
0.2334573
0.2716425
0.3356535
0.293949
0.2574069
0.2449195
0.227785
0.1321751
0.15906
0.2028945
0.1400042
0.2180623
0.1760611
0.1306104
0.1313274
0.1054828
0.1305873
0.1911753
0.1655164
0.2362003
0.1668686
0.1469211
0.1086736
0.1989636
0.1448895
0.1554561
0.1818416
0.1927557
0.1456734
0.1466083
0.1575895
0.199562
0.1850484
0.1890531
0.2469009
0.1600972
0.2382026
0.1753692
0.2165511
0.1205485
0.2227133
0.265868
0.2271613
0.2271227
0.3868428
0.2232043
0.240435
0.1315029
0.1705492
0.2036798
0.1595637
0.1307482
0.171979
0.2096683
0.2334688
0.1725482
0.1361216
0.1906927
0.2339335
0.2447674
0.1906356
0.1509861
0.2324285
0.1343059
0.1265332
0.1377979
0.1295453
0.160235
0.1675504
0.1798925
0.152592
0.1762863
0.1723401
0.2194897
0.1666914
0.1297393
0.1788314
0.1667296
0.2054967
0.2175725
0.1905883
0.2673015
0.1863141
0.1898532
0.2112677
0.2326406
0.2519783
0.1898162
0.2015878
0.2345511
0.2131093
0.1834552
0.2105304
0.3379652
0.3432793
0.417876
0.2371847
0.2449171
0.2828816
0.2214596
0.1929874
0.2107905
0.2539082
0.1837326
0.297418
0.1943985
0.237773
0.1798222
0.1990994
0.167095
0.1909812
0.1657103
0.1703451
0.1997872
0.1883421
0.222533
0.1608841
0.1292456
0.1356131
0.1416001
0.2170919
0.1508231
0.1372296
0.1742748
0.121425
0.1545434
0.2638847
0.1981371
0.1665051
0.1626761
0.1615389
0.1531289
0.1958753
0.1395276
0.2137533
0.1622227
0.2233396
0.1492589
0.1415889
0.1349825
0.1803219
0.1204007
0.1365642
0.1483141
0.1665882
0.1227344
0.1412567
0.1520006
0.1719045
0.1638611
0.2196972
0.2412616
0.2626719
0.1912168
0.253682
0.198936
0.2036435
0.1509117
0.1835984
0.1086534
0.2136822
0.183428
0.2014085
0.1956182
0.2501295
0.2512541
0.2466031
0.2159051
0.218253
0.2719892
0.1952653
0.1337267
0.1446418
0.1365721
0.1126079
0.1878947
0.1605826
0.1945901
0.1691563
0.1443801
0.1387595
0.157718
0.1885811
0.2080973
0.3729852
0.2920698
0.2175433
0.2090655
0.2861156
0.1610326
0.1746707
0.1565881
0.1510299
0.1743821
0.1775919
0.179571
0.1642767
0.2080165
0.180574
0.2294168
0.1370807
0.1646018
0.1873464
0.1580752
0.1287015
0.1439493
0.2031164
0.2049383
0.1788069
0.1532424
0.2413743
0.164393
0.2094682
0.2043862
0.2578967
0.226256
0.2037232
0.2302162
0.220328
0.1710615
0.1930364
0.2847662
0.2165436
0.2470458
0.2159223
0.2416692
0.1519015
0.172393
0.2286929
0.2003754
0.2313077
0.1506916
0.1980053
0.1446169
0.180864
0.1790535
0.2714534
0.193119
0.1895976
0.1769144
0.1759679
0.2143066
0.1979543
0.2073321
0.328046
0.2165918
0.3026924
0.281631
0.2074657
0.2037805
0.1654746
0.1835708
0.1952846
0.2759535
0.2271517
0.2302899
0.1768314
0.2631565
0.36184
0.1798636
0.2143066
0.2222886
0.2126266
0.3054071
0.1583782
0.3379697
0.3133313
0.1891798
0.2251111
0.288266
0.3809011
0.3252403
0.2264074
0.3131008
0.2390674
0.3285794
0.1947269
0.2711344
0.2329853
0.1992829
0.2510808
0.3373171
0.2659193
0.2273925
0.3144705
0.2292034
0.3266177
0.2668961
0.306648
0.2092473
0.1871992
0.1733092
0.1885039
0.1878913
0.1944478
0.1686147
0.1652542
0.1988866
0.1817907
0.1819984
0.1473549
0.1285667
0.175564
0.1485347
0.2379228
0.2344002
0.2614543
0.2050459
0.2566895
0.381849
0.3399341
0.1810743
0.2344153
0.2171649
0.2036275
0.2290534
0.2609159
0.2197463
0.1767962
0.1726774
0.1868185
0.1970874
0.1557469
0.2492565
0.2648137
0.1177781
0.147307
0.1838547
0.1852125
0.1728111
0.1458906
0.2201474
0.2345215
0.2303127
0.1674426
0.1578629
0.2176924
0.180459
0.1819376
0.1524615
0.1877765
0.1701674
0.1980315
0.1576396
0.2048055
0.1777814
0.1885448
0.164122
0.169971
0.165868
0.2109248
0.1534031
0.2129145
0.264557
0.1996451
0.2274454
0.1788257
0.2743797
0.1965644
0.2580169
0.2479095
0.2751812
0.2972855
0.3440894
0.344904
0.2869888
0.2535342
0.3908624
0.2997908
0.234813
0.2940533
0.5011732
0.2492058
0.2114834
0.2850936
0.3237214
0.3430788
0.2336705
0.2024592
0.2377653
0.2594729
0.2436861
0.2875569
0.2600034
0.2218967
0.2108188
0.3314563
0.210096
0.1818707
0.1388401
0.2511258
0.251456
0.2205454
0.1969785
0.1533897
0.18167
0.1125181
0.14938
0.159302
0.2363783
0.1381517
0.1423065
0.1559771
0.1244788
0.1985793
0.1319714
0.1872443
0.1782948
0.1995841
0.1271775
0.1742423
0.2018152
0.1946284
0.2381482
0.2301636
0.1694667
0.2752681
0.2801292
0.2356573
0.233038
0.2219811
0.1947132
0.2338299
0.2945475
0.2811108
0.2047943
0.2779915
0.2367157
0.2591775
0.2970031
0.2507846
0.2426667
0.2975901
0.163212
0.2459092
0.2236581
0.1488751
0.15813
0.1364806
0.1349203
0.1903001
0.09729353
0.1038126
0.1308208
0.1489453
0.1579559
0.1611927
0.1704486
0.1494747
0.1955962
0.1969979
0.1549059
0.3440012
0.1383323
0.209219
0.2406125
0.2181977
0.188518
0.1437122
0.1887467
0.2105525
0.2404137
0.2711981
0.1845683
0.3253238
0.2792081
0.2660827
0.3545196
0.3304648
0.170515
0.2578677
0.2796279
0.2804478
0.1674302
0.1502953
0.1946084
0.2094589
0.1946513
0.1915324
0.2326779
0.2452032
0.17666
0.1789596
0.1551708
0.1601798
0.1272817
0.1605668
0.1707727
0.1377149
0.2173292
0.2045569
0.1713742
0.2118256
0.2701413
0.2670975
0.3577754
0.247374
0.2817057
0.3103018
0.2480894
0.2618303
0.2896093
0.2178975
0.2155979
0.1777609
0.2789869
0.2368432
0.2390204
0.3740599
0.2922879
0.1935515
0.2300106
0.1743397
0.2128668
0.2255669
0.2077352
0.1765388
0.1715306
0.1746983
0.1993189
0.148307
0.1893453
0.234504
0.1556886
0.1516237
0.1778123
0.1976496
0.1849848
0.1477455
0.2269086
0.161356
0.1839362
0.2015121
0.1935946
0.2230043
0.1575797
0.1579281
0.1458352
0.1755916
0.1813348
0.2198968
0.1381856
0.2700614
0.1719502
0.2637831
0.1708529
0.1756209
0.294525
0.1681073
0.12864
0.2611365
0.1707822
0.2284703
0.1990033
0.187067
0.1733702
0.2355749
0.2319848
0.2703305
0.2190255
0.1908006
0.2468047
0.2467018
0.2920156
0.2387878
0.3200965
0.3844551
0.251267
0.3951196
0.2727251
0.3802484
0.2172202
0.2613979
0.2569543
0.2956598
0.3004213
0.3831034
0.2853871
0.4025606
0.2807202
0.2426258
0.28844
0.3299513
0.2408135
0.375299
0.3552761
0.2085194
0.2542509
0.1484025
0.2021229
0.2147322
0.2313111
0.2550082
0.2715477
0.2259442
0.2243717
0.2435789
0.1628165
0.1400906
0.1657625
0.09922561
0.146549
0.1160004
0.1341325
0.1760237
0.1569692
0.1879848
0.1750317
0.2268172
0.1528272
0.1292542
0.1498291
0.1265154
0.1719193
0.1923312
0.151651
0.1442635
0.2344658
0.1699586
0.1261838
0.1418028
0.1813769
0.135429
0.1512067
0.1909907
0.2935532
0.1314629
0.1237058
0.1844418
0.1246806
0.1717758
0.1597936
0.2427404
0.1821128
0.1934326
0.2385819
0.2612427
0.2185734
0.2937012
0.242628
0.3028505
0.2530549
0.1502858
0.2225054
0.1490019
0.1902748
0.2368509
0.1614146
0.2644768
0.2311154
0.1865867
0.2020458
0.1686801
0.1418241
0.1096134
0.1267867
0.159488
0.1623944
0.1853396
0.1915519
0.1501023
0.1330696
0.253727
0.2709751
0.1456684
0.123803
0.1829989
0.1521069
0.1509408
0.1799482
0.2143648
0.2431054
0.1915554
0.189098
0.2227709
0.2119174
0.1781664
0.1801135
0.1757131
0.2444641
0.2009467
0.1902253
0.1697663
0.1900875
0.179361
0.1721603
0.1729028
0.1724428
0.2463804
0.2948027
0.250242
0.2803721
0.2293489
0.1867713
0.1581237
0.2699319
0.153364
0.267309
0.2154246
0.1760527
0.2567422
0.2729418
0.2131617
0.184372
0.2232099
0.1745317
0.164486
0.1665052
0.2400772
0.1341664
0.1316322
0.1289829
0.2152472
0.2024292
0.2421434
0.237059
0.1799515
0.1777468
0.1989368
0.1709451
0.1633386
0.1998753
0.2530739
0.2677546
0.2848938
0.2598299
0.1811385
0.1869365
0.2315905
0.1562434
0.140963
0.1576123
0.2197851
0.227609
0.1865355
0.2483492
0.2220542
0.2741251
0.1846054
0.1465026
0.1869575
0.1318988
0.1468884
0.1148153
0.2118091
0.1092216
0.1859764
0.210378
0.1150408
0.181851
0.1728446
0.1834102
0.3654017
0.2059701
0.2321537
0.1961219
0.1889127
0.1847205
0.250494
0.198727
0.1989204
0.1670055
0.2473983
0.2076848
0.2270292
0.1655279
0.194767
0.2526996
0.1853857
0.1895797
0.2662887
0.2386564
0.2004038
0.1749202
0.1956572
0.2030643
0.246709
0.1464212
0.2362218
0.1813434
0.1287477
0.1746108
0.1668934
0.1662693
0.1744735
0.2338953
0.1340873
0.1354665
0.1608421
0.1701731
0.2027606
0.2289097
0.213165
0.1687349
0.1565563
0.1424281
0.1204757
0.1653473
0.2088056
0.1116041
0.1248471
0.1233832
0.1497315
0.1512748
0.2115021
0.1722736
0.1175765
0.1567367
0.1210009
0.1178085
0.1076352
0.172091
0.2206008
0.154284
0.2179435
0.2030603
0.2008461
0.2297842
0.2560953
0.1565439
0.2426331
0.187649
0.2653288
0.2524648
0.272616
0.2906721
0.2225601
0.3144004
0.2294513
0.2033501
0.3675817
0.2519868
0.1760729
0.1570836
0.2861265
0.196553
0.3083089
0.2637259
0.180786
0.1801009
0.2046774
0.1968199
0.2165892
0.1978829
0.2083785
0.1376216
0.08601316
0.1639132
0.1424897
0.1485847
0.1389064
0.155941
0.133223
0.1882046
0.1070223
0.1344953
0.1234561
0.2439979
0.2397249
0.3127282
0.2549628
0.1798411
0.3330155
0.1357567
0.1607386
0.2577745
0.2691991
0.1617405
0.1800625
0.1655662
0.1776044
0.1935903
0.2478214
0.2039707
0.1576354
0.1803428
0.1388834
0.1536055
0.1200823
0.204832
0.1221845
0.1361984
0.1791677
0.1508199
0.1561053
0.1868312
0.2260439
0.1714134
0.1745216
0.1457078
0.1711429
0.1857016
0.2286332
0.2693529
0.2554546
0.1568737
0.2834687
0.1982732
0.2286812
0.2722484
0.1532358
0.1603063
0.1877974
0.2128761
0.2594513
0.2550574
0.2065462
0.2358965
0.2313321
0.2185562
0.198741
0.2224094
0.2256791
0.2998031
0.3583702
0.2169126
0.3318977
0.1584773
0.1880632
0.1998456
0.1773264
0.1553203
0.186833
0.2194518
0.1642226
0.1679652
0.1194727
0.1568021
0.1286071
0.2237339
0.1773101
0.1565018
0.2144758
0.2489405
0.2267703
0.1451941
0.2003293
0.1708774
0.1745142
0.1829573
0.1719312
0.16638
0.2006132
0.2278131
0.2385461
0.1560887
0.2092594
0.1373579
0.1757826
0.2019232
0.145055
0.1912641
0.1956167
0.2081514
0.2659871
0.2277997
0.2186912
0.1860378
0.2251023
0.1574337
0.2697337
0.2101906
0.2090306
0.1934876
0.2981786
0.1672336
0.2191998
0.1550846
0.1882248
0.2155818
0.2327972
0.3230358
0.2328135
0.2586071
0.1675901
0.1839552
0.1892638
0.209022
0.1956053
0.214232
0.190447
0.2118658
0.2093931
0.1893063
0.1756391
0.1425301
0.1479964
0.1833162
0.1537958
0.2796713
0.2642204
0.3179522
0.2964622
0.2252978
0.2964553
0.2430096
0.3893128
0.256347
0.1862765
0.253956
0.2257248
0.1595061
0.2293995
0.237166
0.3132738
0.2263965
0.25572
0.2952039
0.2820088
0.3114713
0.2517326
0.2153423
0.1774934
0.1650092
0.1782685
0.1680267
0.2878847
0.1629433
0.1639347
0.1985527
0.2145979
0.1802312
0.1723705
0.171118
0.2198145
0.1768246
0.1359594
0.2016727
0.2109906
0.2713481
0.2116678
0.157886
0.1399393
0.1966065
0.1926964
0.167526
0.1942375
0.2073952
0.1738297
0.2949981
0.2176461
0.2032475
0.2617907
0.233632
0.2101909
0.2399
0.1730105
0.1825211
0.1506982
0.1725624
0.1362079
0.1487129
0.2084499
0.2768365
0.2227476
0.2322254
0.2311962
0.1786188
0.1925914
0.1934151
0.218491
0.1531659
0.2139103
0.2194334
0.2978972
0.2127254
0.2292621
0.3194058
0.1982767
0.2046595
0.2300977
0.2322746
0.2545618
0.1990795
0.2195706
0.2267346
0.2407946
0.2904197
0.2864062
0.2755439
0.2790309
0.2553209
0.322424
0.4590869
0.2939109
0.3190031
0.2871574
0.1899562
0.2402904
0.3098485
0.2863334
0.2972569
0.1895677
0.3058405
0.453543
0.2339791
0.3358203
0.3278787
0.3312699
0.1992102
0.2839861
0.3218167
0.2584155
0.1613094
0.1515616
0.2252904
0.220769
0.2097828
0.2875703
0.341308
0.2847538
0.285863
0.3322291
0.2882376
0.2542732
0.2897329
0.2589485
0.2057251
0.1780755
0.2680003
0.1641701
0.1772001
0.1375157
0.2141704
0.2637324
0.15727
0.1277843
0.1418
0.138805
0.1314602
0.1298403
0.1744144
0.1635382
0.1240211
0.1412311
0.1733904
0.1460898
0.2033777
0.1464967
0.230113
0.1628766
0.1930062
0.2661789
0.1897523
0.2426617
0.2622557
0.2499617
0.2010088
0.2177822
0.2131495
0.2698177
0.1448775
0.1556723
0.2572877
0.1681523
0.1283055
0.1317108
0.1576494
0.187379
0.1350824
0.1568004
0.213817
0.1539424
0.1912987
0.1484258
0.1654498
0.1205631
0.1668225
0.138523
0.1972333
0.1904313
0.2548734
0.235784
0.1837643
0.2537764
0.4198742
0.1845457
0.1968689
0.216656
0.2756409
0.2277619
0.3509581
0.177155
0.1980539
0.1973213
0.2356735
0.2208714
0.2971872
0.1784478
0.2807614
0.294397
0.3427445
0.2767161
0.2982132
0.2724027
0.2168815
0.2283783
0.2561631
0.2679853
0.2635384
0.2532223
0.1635547
0.1609632
0.2126972
0.2202189
0.2534184
0.1829962
0.151943
0.2132431
0.2183468
0.1796776
0.2295604
0.2390336
0.2733691
0.2012637
0.2336889
0.2321062
0.1601471
0.2059785
0.1646751
0.2443975
0.1874757
0.2313728
0.3095091
0.1269959
0.1257886
0.1675213
0.1766292
0.2083293
0.1535317
0.2280862
0.1900208
0.2185591
0.3068747
0.1426928
0.2165735
0.1933681
0.2280666
0.3373061
0.2833143
0.314722
0.3159192
0.3045688
0.2318117
0.2164544
0.2675563
0.2848897
0.3933597
0.2251594
0.2204127
0.2586045
0.3135248
0.416437
0.3109419
0.3739287
0.5137697
0.2894204
0.2886495
0.2353279
0.2883597
0.2267819
0.2220079
0.2889872
0.2253493
0.2284225
0.1937135
0.2368766
0.176788
0.2319418
0.1660826
0.1931223
0.1664208
0.2195273
0.1439305
0.1623619
0.1803134
0.1490151
0.1352577
0.2157768
0.1670236
0.1348154
0.1358928
0.1602987
0.1945117
0.1237654
0.174842
0.1549103
0.32793
0.1997483
0.2186389
0.1904923
0.1818366
0.2276799
0.2244252
0.1722123
0.2232627
0.1935322
0.1874816
0.2127514
0.1983468
0.1475599
0.2171286
0.1818099
0.2453721
0.2208681
0.1794087
0.3056211
0.1854138
0.1777311
0.2794304
0.2398743
0.3875613
0.2417834
0.1932349
0.3074973
0.2479806
0.2950593
0.195424
0.2118893
0.3322123
0.1771474
0.2004068
0.1581768
0.1458316
0.1378217
0.1346914
0.1436224
0.1209751
0.2375955
0.1395171
0.1705827
0.1241825
0.137115
0.1409536
0.1214103
0.1763253
0.1679817
0.188007
0.1571906
0.2320548
0.1950593
0.1570556
0.2094447
0.1836499
0.1700753
0.1944795
0.3033721
0.2426867
0.2567152
0.1639928
0.2597823
0.1722786
0.2255805
0.2345998
0.2732256
0.3222195
0.2387186
0.2342649
0.2166219
0.2885551
0.3678428
0.3968996
0.3018522
0.2418664
0.2922816
0.3019876
0.3418576
0.3398419
0.2595411
0.2204004
0.1765812
0.2297469
0.1772689
0.2458783
0.2025694
0.1668858
0.2187875
0.2320909
0.1470136
0.2004904
0.1755398
0.1761893
0.1925866
0.3016546
0.2288054
0.1994119
0.2499942
0.2536106
0.2477752
0.1918749
0.2243613
0.1424795
0.17414
0.1971199
0.2189748
0.1338733
0.1223158
0.1109244
0.1738157
0.121531
0.2424514
0.1603976
0.1587809
0.1726793
0.2056403
0.2425549
0.2409037
0.2008752
0.219442
0.1889732
0.1547764
0.2553136
0.1997678
0.206396
0.1911651
0.225361
0.2436027
0.2640357
0.205004
0.223961
0.3782105
0.2077614
0.2698774
0.2404922
0.3486754
0.3525809
0.3441084
0.2972507
0.2513835
0.3752571
0.2354348
0.2149373
0.2125509
0.1872808
0.2403355
0.1821722
0.1893212
0.2771023
0.2882427
0.2142109
0.1681481
0.2610215
0.2450686
0.2233492
0.2084151
0.2066768
0.190151
0.2117363
0.2019357
0.1790766
0.2228967
0.1778467
0.224848
0.1705775
0.3475679
0.1840584
0.165748
0.1456142
0.16774
0.1342931
0.1460537
0.1225549
0.1424548
0.1472803
0.193001
0.1724668
0.1716351
0.1494957
0.2002403
0.2498255
0.3569228
0.2874667
0.2848932
0.3175234
0.482204
0.2098537
0.2918848
0.3108466
0.1649268
0.2135853
0.1866422
0.1828601
0.2502171
0.2076128
0.2003801
0.2072853
0.2570363
0.1946647
0.1800309
0.2570647
0.1773789
0.1700204
0.3000679
0.2355167
0.3234764
0.1919495
0.2338472
0.2351368
0.3027093
0.2613044
0.2848186
0.2495743
0.2612014
0.1972738
0.1880551
0.3646538
0.2672938
0.2336089
0.2926993
0.2297545
0.2749232
0.2572504
0.3366197
0.2242898
0.2048687
0.194997
0.1414812
0.1751511
0.1943944
0.2008391
0.2105514
0.2150825
0.2752373
0.1628566
0.1952049
0.2210995
0.1369528
0.158649
0.1548968
0.1649566
0.2184573
0.1164428
0.1544154
0.2024034
0.2058335
0.2013934
0.1654969
0.2418344
0.2033344
0.1425081
0.1081528
0.1538754
0.1696358
0.1905868
0.1610755
0.1425671
0.108725
0.175272
0.2386643
0.21503
0.2051206
0.1644575
0.1593106
0.1561742
0.2149581
0.2181777
0.187263
0.2498609
0.252412
0.1989341
0.1720515
0.2027824
0.2069372
0.1543544
0.1540623
0.1995189
0.1776764
0.1156062
0.1392849
0.2481059
0.1741377
0.1565091
0.209778
0.2406357
0.2087602
0.2683836
0.154702
0.1474757
0.2430462
0.157143
0.2094283
0.1339628
0.1158254
0.1990761
0.1317215
0.1825471
0.2101729
0.1672334
0.1311153
0.1681091
0.1918131
0.2290598
0.2640132
0.2040939
0.1884358
0.1954773
0.2773642
0.3787492
0.2085159
0.2677378
0.1969696
0.1477455
0.1821506
0.2242449
0.1723062
0.1505338
0.151799
0.1970269
0.205489
0.1963936
0.1978728
0.1758608
0.1358086
0.1541637
0.2325229
0.2142846
0.1682594
0.2326387
0.221492
0.2653669
0.1512594
0.1321595
0.2120462
0.1212311
0.1068282
0.1099244
0.1636736
0.1907188
0.2125403
0.1727845
0.1560019
0.1560404
0.1838511
0.2294338
0.1222083
0.1175699
0.1742799
0.1833484
0.1458904
0.1317977
0.1579246
0.1368326
0.1647043
0.1788647
0.1726149
0.1626484
0.2637441
0.1557055
0.1691787
0.1396998
0.1676653
0.2705982
0.1843896
0.1556829
0.1708668
0.209005
0.2629594
0.2257022
0.1562133
0.1611064
0.1476153
0.1946482
0.1622916
0.2119313
0.1672941
0.1697089
0.2155589
0.2396665
0.1468067
0.2024124
0.1857577
0.1331993
0.08563452
0.09651732
0.1285392
0.2175279
0.1457428
0.1865175
0.1944046
0.2037221
0.2228961
0.2683647
0.2109192
0.1821819
0.1483918
0.1665574
0.2607586
0.2571415
0.1723014
0.1811143
0.1532073
0.1940658
0.2518353
0.2331414
0.2129098
0.2273582
0.1945139
0.2150456
0.2279622
0.1842537
0.2801791
0.2354231
0.2780944
0.2642106
0.2147684
0.2506675
0.255972
0.2344533
0.1788168
0.2005463
0.2255686
0.1655202
0.3492416
0.2002132
0.1909355
0.2917778
0.2602463
0.2324499
0.1939523
0.1920466
0.2265538
0.2308985
0.2895856
0.2247988
0.2044193
0.1438704
0.275573
0.2958242
0.1765494
0.1868391
0.3173255
0.2180118
0.2332605
0.202409
0.184055
0.2059351
0.1806169
0.2782433
0.2201548
0.296812
0.2043485
0.2682323
0.2644274
0.3719185
0.278727
0.3755799
0.4167272
0.4316377
0.4625653
0.4265084
0.4051787
0.4614826
0.4792921
0.3696499
0.3042641
0.3685028
0.252803
0.2319635
0.3124026
0.2779986
0.2474143
0.2146774
0.2234496
0.2437173
0.2003441
0.3488909
0.2789771
0.3144564
0.2969344
0.2840487
0.3284662
0.3144919
0.2623964
0.2453629
0.2038428
0.1537999
0.1891119
0.2326904
0.2270572
0.186733
0.3222544
0.1815846
0.3369537
0.2106057
0.2737415
0.3090373
0.1596998
0.2503488
0.1718952
0.226015
0.2422422
0.1768639
0.2419984
0.2659375
0.2931155
0.2187224
0.289297
0.2567834
0.2461424
0.166165
0.1669024
0.1462587
0.2398073
0.2882009
0.23371
0.1978097
0.1590779
0.2035574
0.1664776
0.170772
0.1800529
0.1644913
0.1375775
0.1513287
0.1615937
0.1131498
0.1529173
0.1899941
0.1562856
0.185237
0.1650427
0.2026201
0.2032964
0.1861629
0.1587655
0.1142372
0.1398539
0.1169805
0.1727484
0.1899945
0.2342896
0.137558
0.2094581
0.174852
0.1354029
0.1968472
0.1595456
0.2982291
0.2213142
0.1662889
0.2136907
0.1996644
0.1819328
0.2457335
0.2196137
0.2356711
0.3004171
0.1913202
0.1515353
0.1591063
0.1587222
0.1840315
0.1666578
0.1881742
0.1718781
0.2687399
0.2499974
0.1848773
0.1504516
0.2698771
0.2053235
0.2299762
0.1865712
0.2441299
0.182126
0.1724411
0.193059
0.2880043
0.1645345
0.3001946
0.2875435
0.2750178
0.1687313
0.221491
0.2421693
0.2326927
0.3106507
0.1830236
0.2751558
0.2738776
0.2753838
0.3323678
0.28532
0.298836
0.2605878
0.3422061
0.1902753
0.2081039
0.1848932
0.1937565
0.2280281
0.1665241
0.2213063
0.2088627
0.2538816
0.1815848
0.1388338
0.2739662
0.2224596
0.1597995
0.2105145
0.1528213
0.1797218
0.1406707
0.1876286
0.1075926
0.1286803
0.2222552
0.1890515
0.3252428
0.3309835
0.1944932
0.2182855
0.1519641
0.1975621
0.1883679
0.2005343
0.2328476
0.1863007
0.1758522
0.2465055
0.3298144
0.2181924
0.1901929
0.2066371
0.1428212
0.1587344
0.144399
0.2565497
0.1771857
0.1627407
0.1715664
0.1451598
0.1449416
0.1280302
0.2354535
0.1773509
0.2687106
0.165923
0.2002328
0.2314035
0.1878635
0.1241371
0.1505368
0.2366764
0.2566874
0.1299581
0.1437981
0.2449991
0.188273
0.1647031
0.277234
0.180821
0.1503364
0.1514497
0.163116
0.1733306
0.2331948
0.214241
0.1730051
0.2104205
0.28439
0.1870861
0.3020485
0.2345923
0.2517924
0.2577466
0.2393164
0.1602424
0.196322
0.2248948
0.2301442
0.1684314
0.2433266
0.2236056
0.1779099
0.2190416
0.2145312
0.3359212
0.2587193
0.2198065
0.2081456
0.2101771
0.1509931
0.3030255
0.2235009
0.297206
0.2136173
0.1854815
0.2386259
0.1655409
0.2235362
0.1947799
0.1877614
0.1269069
0.1598323
0.1814207
0.1452904
0.1401475
0.202236
0.1537234
0.1678846
0.1690084
0.1752864
0.1827607
0.1343932
0.1284298
0.2033391
0.2581463
0.1767467
0.1416007
0.2675232
0.2311819
0.1973337
0.2085049
0.2115213
0.2872879
0.2720495
0.2113528
0.1709649
0.1329187
0.1419239
0.1072337
0.2027842
0.1523479
0.188531
0.2008406
0.1533781
0.1165282
0.1201342
0.1469372
0.1659332
0.1800113
0.1652537
0.1732401
0.1931349
0.1762119
0.1804822
0.1634117
0.1483459
0.2316637
0.2399577
0.2074572
0.1859449
0.1765508
0.1949127
0.1913615
0.1122952
0.1274582
0.1263639
0.1708914
0.09034052
0.1271665
0.1810475
0.1246517
0.1747155
0.1825958
0.2082226
0.2257699
0.176907
0.1563546
0.221442
0.3047613
0.2719724
0.2868245
0.2496825
0.1938546
0.1886952
0.2360894
0.1628426
0.1844854
0.1556296
0.1170839
0.1014493
0.1430177
0.1579724
0.2338234
0.1693357
0.1381145
0.204869
0.1749986
0.1719326
0.1435263
0.2268876
0.2784976
0.205274
0.3913143
0.3016597
0.3203871
0.3784635
0.2829732
0.331432
0.2355366
0.2462794
0.2300403
0.280259
0.2417066
0.183189
0.2662799
0.2234894
0.2741408
0.2814386
0.2488833
0.1890169
0.25235
0.2039641
0.2259781
0.2376973
0.2646028
0.3655179
0.276159
0.2717191
0.3081711
0.3346618
0.2186704
0.1848979
0.2655841
0.2652065
0.217851
0.2118517
0.1493435
0.2077229
0.2409336
0.1600073
0.1320192
0.231507
0.1676403
0.2387685
0.3470949
0.2167684
0.2276765
0.2039046
0.1712508
0.1902019
0.1034986
0.1936614
0.2052223
0.2802104
0.1073589
0.2138963
0.1633085
0.1450055
0.1449086
0.1731612
0.1479318
0.2278676
0.28089
0.1822879
0.2493191
0.2068339
0.2212375
0.2022768
0.2265213
0.2203307
0.2608914
0.2085305
0.1563836
0.2844983
0.2629424
0.2272994
0.2057798
0.1590846
0.1861306
0.2949027
0.2814658
0.2016706
0.2381342
0.2353565
0.2584191
0.2902267
0.2588747
0.2638905
0.212941
0.1782803
0.2021842
0.1865522
0.2247365
0.2970128
0.2174804
0.1932711
0.2755081
0.2250383
0.1801428
0.1987149
0.2527213
0.3210034
0.198434
0.1947014
0.2057996
0.2578565
0.2585914
0.2897465
0.3407533
0.3189324
0.355179
0.2242234
0.1910673
0.2231994
0.2504612
0.2741319
0.2229409
0.3089647
0.2720107
0.2061865
0.2761104
0.1873816
0.2527545
0.1669108
0.1674169
0.116096
0.1243229
0.1479839
0.1957128
0.1889905
0.2384579
0.2626788
0.2383767
0.3779211
0.2463789
0.2146455
0.1718055
0.233177
0.3672289
0.3364899
0.2697303
0.2528515
0.357196
0.2574199
0.2596144
0.2974256
0.2428983
0.3293978
0.3056878
0.3837482
0.4518632
0.2430191
0.2534686
0.2787204
0.2539754
0.2913946
0.2605757
0.1769444
0.1914633
0.2974374
0.1699548
0.2048772
0.2457124
0.2865696
0.2398429
0.1386039
0.1977243
0.2330447
0.204395
0.2688528
0.3153055
0.286865
0.2688224
0.1879173
0.1745656
0.2746363
0.2711762
0.1669693
0.2498126
0.2716721
0.3288796
0.3467193
0.2405869
0.205651
0.1759843
0.2247542
0.3010736
0.2805771
0.1823676
0.1738026
0.1550122
0.2250813
0.2426463
0.2467051
0.2011703
0.203902
0.2216531
0.2036934
0.1765684
0.158999
0.2267707
0.2114804
0.260529
0.2055821
0.1772724
0.1778864
0.1617722
0.1790943
0.1665766
0.1795107
0.2907805
0.217588
0.2647636
0.254015
0.3056018
0.2672572
0.1630196
0.1728195
0.1598143
0.1655663
0.1627881
0.1255543
0.1409937
0.1243628
0.1535444
0.2203589
0.1932032
0.1600363
0.1616123
0.1845219
0.225731
0.1729774
0.2220511
0.1699893
0.2071097
0.1956627
0.2010031
0.253872
0.1881033
0.188547
0.2608962
0.2144481
0.1892861
0.2055742
0.1919523
0.1420463
0.2151137
0.2354928
0.2482773
0.1923464
0.1694116
0.1514532
0.2578206
0.1931286
0.1871708
0.161228
0.2054726
0.1578299
0.2684423
0.1601061
0.2151077
0.1637225
0.1513027
0.158596
0.2873586
0.3847454
0.4428065
0.2921787
0.3034174
0.3354864
0.2450803
0.2785939
0.2817235
0.14718
0.2065341
0.2464345
0.2939102
0.2383524
0.1825261
0.1818815
0.1427774
0.2222972
0.2585415
0.2590495
0.2483356
0.4178145
0.272053
0.1921852
0.2416151
0.162455
0.1609665
0.1621657
0.2170795
0.2534712
0.2048456
0.1616913
0.1652153
0.1939085
0.143365
0.2198865
0.1480023
0.1555069
0.1742036
0.1581562
0.2251611
0.1507073
0.1259779
0.1365615
0.2134588
0.1879721
0.1564329
0.2058886
0.3370568
0.2221456
0.111153
0.1622375
0.3886788
0.1806556
0.2043781
0.2181321
0.1577041
0.1181791
0.1604063
0.2336223
0.2350378
0.1565517
0.2565451
0.384918
0.2232612
0.1864316
0.2581195
0.2026992
0.16937
0.1605152
0.1704211
0.1956842
0.2326481
0.1362778
0.1789063
0.1527166
0.195757
0.1967799
0.1201923
0.1640364
0.2131796
0.178068
0.2065212
0.1689428
0.139655
0.1780688
0.1431387
0.1809662
0.1649779
0.1293215
0.1283881
0.1241709
0.1473446
0.2911367
0.2156289
0.2150408
0.1460659
0.1835731
0.3066997
0.1799269
0.1425693
0.1788513
0.1861854
0.2043009
0.2843583
0.296181
0.2817038
0.2327004
0.2066124
0.4406511
0.1805253
0.2472511
0.2194973
0.1713231
0.2412984
0.3139547
0.1990615
0.3234324
0.2355087
0.2525322
0.245239
0.1797665
0.2325563
0.1761652
0.2871218
0.2152458
0.2277272
0.2772208
0.211229
0.2493054
0.2222987
0.1744532
0.1456987
0.1584523
0.1928515
0.1383905
0.1189579
0.1717631
0.1624074
0.1586362
0.1238596
0.2099923
0.1429259
0.1417662
0.1157295
0.1824844
0.1811756
0.16135
0.2310455
0.2266187
0.1680656
0.2067405
0.2701238
0.1734405
0.2103168
0.186825
0.1849663
0.1622454
0.1368224
0.1576325
0.1280494
0.1510891
0.1938521
0.2580494
0.3489256
0.3080121
0.2116729
0.2456878
0.3716767
0.1930792
0.1820528
0.2849637
0.20449
0.2332585
0.2391914
0.2082875
0.233615
0.1804962
0.1428351
0.1416241
0.1644836
0.1834515
0.2028713
0.1511184
0.1769209
0.2188592
0.1950564
0.1361321
0.1351268
0.1645007
0.1336059
0.2221768
0.1580578
0.1711175
0.1616174
0.1816582
0.1632663
0.187025
0.1534822
0.1686649
0.1866424
0.1602649
0.1845132
0.1857968
0.2101225
0.1925162
0.1763712
0.2812925
0.1816921
0.1715199
0.1810671
0.1716185
0.2526264
0.1164638
0.2039448
0.215309
0.1600975
0.1313527
0.1365879
0.1847516
0.1838719
0.3153439
0.1167252
0.1795368
0.246296
0.1705783
0.1934971
0.1882805
0.2406077
0.1917685
0.272458
0.2708857
0.2235239
0.2301352
0.2241059
0.2889752
0.3171499
0.204288
0.1995641
0.297662
0.2353311
0.1914157
0.303637
0.2117059
0.2197081
0.3100144
0.2413534
0.2117112
0.1861198
0.2419789
0.1889233
0.1373297
0.1681478
0.2842925
0.1856725
0.1822184
0.1886102
0.2045609
0.1973911
0.1639506
0.3077723
0.2017098
0.1637214
0.2015585
0.1783702
0.193471
0.1260139
0.1337896
0.1508775
0.2052388
0.1701275
0.1215064
0.1858513
0.1919119
0.196593
0.2118967
0.2012255
0.1679787
0.2821108
0.2217139
0.2929512
0.1955235
0.2637565
0.3248186
0.203393
0.2300157
0.304127
0.2593349
0.1820144
0.2266412
0.2197669
0.1946168
0.1596382
0.2889237
0.2313278
0.2426916
0.1783553
0.1862959
0.2395132
0.1781083
0.2102462
0.2043249
0.2442653
0.1811003
0.1915132
0.2685074
0.2127394
0.174678
0.1829102
0.2151471
0.1585511
0.156163
0.2076601
0.2062975
0.2910811
0.1546202
0.1732455
0.1455382
0.195792
0.1827236
0.1691817
0.143354
0.1636087
0.1513511
0.1318964
0.1993714
0.1512514
0.2662369
0.1868268
0.1411571
0.1824984
0.1377759
0.1149512
0.1520533
0.1297591
0.153017
0.1263306
0.136469
0.3535521
0.1777444
0.16585
0.1390354
0.2199634
0.1829972
0.1659933
0.1316475
0.1767131
0.1142353
0.1127091
0.1781605
0.09256467
0.1888031
0.1674152
0.1801673
0.1996481
0.2075112
0.138729
0.1491156
0.230054
0.1813457
0.1451387
0.2382632
0.2345257
0.1641656
0.1540236
0.1869037
0.190585
0.2033561
0.1898788
0.2123165
0.2052417
0.2362686
0.2015197
0.2302051
0.3759561
0.3192061
0.232598
0.4224803
0.2557522
0.3539306
0.38777
0.4202201
0.2777262
0.2929958
0.3750841
0.3248884
0.2197452
0.2421837
0.2926829
0.3270706
0.2613917
0.2737923
0.3293737
0.3649033
0.2960959
0.3656576
0.4301686
0.2792384
0.2536622
0.3735692
0.2769085
0.2401919
0.249104
0.4178377
0.2905095
0.3545502
0.4209674
0.3176894
0.3373433
0.3081077
0.3710631
0.2732357
0.2354312
0.3316478
0.2754945
0.2685243
0.2229448
0.1913454
0.2541363
0.2118284
0.2505304
0.2180455
0.2368142
0.2348513
0.2259133
0.2022727
0.1859246
0.2102992
0.2299774
0.2717304
0.2178514
0.2634795
0.1918115
0.3329119
0.177303
0.1773369
0.2414193
0.1858595
0.2361663
0.1503819
0.1700043
0.1734861
0.1432717
0.1895958
0.1961361
0.1526907
0.2161964
0.1612785
0.1281698
0.2051449
0.1785343
0.1699233
0.2044508
0.2055804
0.1630311
0.1941474
0.1238294
0.1353182
0.229882
0.1975572
0.1655698
0.1645937
0.1576544
0.171222
0.1750933
0.2606602
0.16715
0.1812033
0.1500521
0.1982816
0.2060296
0.2175544
0.1471973
0.2075566
0.1269623
0.2180451
0.2051486
0.2010369
0.2461348
0.2206611
0.2593536
0.1690427
0.2238967
0.1451216
0.2587204
0.2430894
0.2639984
0.1548121
0.1726966
0.1812268
0.2654081
0.1632518
0.1892452
0.2560879
0.2045638
0.2720238
0.171695
0.186129
0.14463
0.1543664
0.201898
0.2017512
0.1567586
0.1888052
0.2581429
0.2022942
0.2232423
0.2347474
0.1706572
0.2425019
0.2595931
0.2161483
0.3043476
0.1939923
0.2351426
0.178287
0.1975314
0.1828616
0.1995079
0.2138033
0.2010509
0.2622461
0.3757284
0.2256112
0.30703
0.3227507
0.2889231
0.2406224
0.1798779
0.203501
0.143591
0.1637023
0.1725195
0.2104286
0.1277174
0.1744235
0.3209914
0.1813854
0.1205859
0.1731257
0.245661
0.2275911
0.1573495
0.184815
0.2698782
0.182319
0.2078297
0.2914928
0.2117006
0.2529659
0.2345863
0.1982717
0.2033071
0.2050548
0.2410988
0.2475703
0.1752952
0.1792708
0.264177
0.2582862
0.3292382
0.2379849
0.2480001
0.1573938
0.162826
0.23657
0.2714856
0.2283527
0.215728
0.2104324
0.2404441
0.1800751
0.2008274
0.2893218
0.1615972
0.1831578
0.174935
0.1768079
0.2085232
0.1661546
0.2247218
0.2597102
0.1270517
0.2262663
0.2024333
0.1929614
0.206159
0.222788
0.1316999
0.178939
0.1651464
0.1828786
0.2750099
0.2522075
0.1879743
0.2132759
0.2489615
0.2278092
0.2286115
0.1519961
0.204721
0.2923866
0.2633723
0.3074033
0.2381339
0.2029116
0.1740226
0.1938208
0.1528127
0.1956653
0.1335447
0.1926828
0.09332057
0.1756306
0.1701611
0.1785
0.1629475
0.2157106
0.1565042
0.2564768
0.2052699
0.3378621
0.2384681
0.197832
0.2927813
0.2070194
0.2969052
0.3118329
0.2225687
0.2213832
0.1978372
0.2605792
0.2188179
0.1604604
0.2222855
0.1499974
0.154404
0.2238791
0.2378127
0.1839038
0.2517846
0.2081197
0.2293214
0.2024363
0.2052244
0.267926
0.212431
0.1917921
0.1151553
0.1113438
0.1312095
0.1398465
0.1748555
0.1586622
0.1327728
0.2025809
0.2333665
0.1842938
0.1916293
0.208232
0.1610898
0.1604966
0.2011199
0.1735175
0.1166251
0.1325912
0.1510818
0.2010759
0.1874306
0.1822123
0.1482684
0.158538
0.1630967
0.1996488
0.1510581
0.1260388
0.2157614
0.1347812
0.1661846
0.1608672
0.1350194
0.1571603
0.2016475
0.1710525
0.1901245
0.1646391
0.176865
0.183347
0.2811402
0.1646589
0.2119031
0.2060298
0.2325348
0.1886895
0.1831501
0.2429066
0.3125197
0.3574888
0.2358486
0.3147607
0.2709952
0.2396808
0.2174024
0.3238969
0.2457416
0.2841241
0.2543688
0.1864891
0.1631798
0.1989686
0.174346
0.2084956
0.2669104
0.1554352
0.1941545
0.1591993
0.1471904
0.1873795
0.2384141
0.155531
0.1267513
0.123856
0.1603344
0.1227583
0.1847058
0.1332478
0.1598629
0.1562998
0.1386091
0.1535475
0.2118474
0.1488052
0.1841797
0.1331588
0.1561461
0.1969524
0.2182059
0.169748
0.1901407
0.1715304
0.3004572
0.1648988
0.3712387
0.340704
0.2206527
0.1667883
0.2578727
0.2111066
0.3036503
0.2206397
0.2540751
0.2220144
0.1810022
0.1706009
0.2023278
0.1631267
0.2437253
0.1935927
0.1847997
0.1601673
0.1582759
0.2626975
0.1699099
0.1800993
0.367183
0.289867
0.297502
0.2369441
0.2118015
0.2989012
0.3247813
0.2047831
0.1935734
0.247489
0.2459726
0.1916269
0.2067712
0.2690021
0.2079471
0.2549175
0.2731054
0.2319739
0.2351061
0.27812
0.2369667
0.2410237
0.3203696
0.2215045
0.3334818
0.2125341
0.316949
0.2678611
0.3443281
0.3536655
0.3805674
0.324675
0.2331602
0.3094874
0.2415564
0.2925886
0.18801
0.1929977
0.1936121
0.198616
0.1757136
0.2691884
0.2359029
0.2096452
0.2511636
0.2712744
0.2902194
0.3780629
0.2443969
0.2549725
0.297806
0.3838173
0.2751578
0.3648862
0.2689088
0.1924224
0.2338804
0.2401471
0.2291564
0.1935997
0.3169279
0.2861816
0.2771004
0.3021796
0.2789345
0.2288767
0.2824475
0.2623983
0.2126464
0.2286399
0.2874345
0.1699572
0.1537244
0.168629
0.1651157
0.193983
0.1276294
0.1737078
0.1962368
0.2434218
0.3210745
0.3543421
0.2804969
0.2475427
0.2154135
0.2389426
0.2534346
0.1890935
0.3392878
0.3447612
0.2756847
0.2608066
0.250975
0.1945964
0.1819765
0.2390828
0.247244
0.2156868
0.2112449
0.1861104
0.1960041
0.1716462
0.1386517
0.1249145
0.1530855
0.1724014
0.1884786
0.3316527
0.2675549
0.2069746
0.2097402
0.2982234
0.1784525
0.1894577
0.1678266
0.2007931
0.2374042
0.1655598
0.2324221
0.1686335
0.2503777
0.3044213
0.2295766
0.157626
0.1452599
0.4341408
0.1660476
0.1735542
0.1385603
0.1554111
0.194915
0.1912981
0.2876695
0.2033349
0.1883223
0.1681978
0.2595715
0.2219157
0.3682808
0.2732941
0.3969411
0.2957784
0.3043791
0.2978719
0.2222554
0.2509882
0.226977
0.1489483
0.3023065
0.142095
0.1162052
0.1677374
0.2206393
0.2019377
0.1623527
0.1693589
0.2298401
0.1983875
0.2787622
0.2675726
0.2375454
0.2477832
0.2189699
0.2072743
0.2379032
0.2065895
0.2230464
0.1428156
0.2212678
0.1837539
0.1759912
0.193499
0.1414716
0.1495636
0.1452983
0.1546131
0.1997858
0.1864451
0.1914571
0.1803204
0.1559802
0.2104014
0.3057962
0.2012933
0.2639741
0.1788828
0.1830099
0.1995628
0.2124122
0.1646898
0.1580854
0.1879328
0.1473793
0.1545296
0.1897234
0.16801
0.2491765
0.2227305
0.1485536
0.190009
0.1543961
0.1998463
0.2586594
0.1815248
0.2055971
0.2088283
0.2535027
0.2839775
0.3503018
0.3213973
0.308591
0.2460493
0.2722641
0.3584625
0.3139513
0.248086
0.4294539
0.3185894
0.2159326
0.257529
0.2096929
0.2415051
0.2696824
0.2155496
0.2905199
0.2385098
0.4824069
0.348385
0.2834506
0.2928329
0.2998378
0.251365
0.260317
0.2867563
0.2843645
0.3366264
0.3085421
0.3147928
0.2245171
0.3022345
0.2513778
0.2758437
0.1818796
0.2151061
0.2379926
0.2298651
0.1816334
0.2187541
0.1964236
0.1756791
0.2258959
0.2095979
0.1641937
0.1511068
0.1512515
0.123603
0.1320117
0.2362873
0.2131336
0.2121861
0.1886584
0.2185604
0.239399
0.2149601
0.1890028
0.1724052
0.2890941
0.2086605
0.1760874
0.4408863
0.281402
0.3523541
0.3264527
0.2305912
0.405681
0.2948741
0.200789
0.2266695
0.2454562
0.2837945
0.3613915
0.3235669
0.2892678
0.2281652
0.2294476
0.1844822
0.2360759
0.2201121
0.2217953
0.2157916
0.2039558
0.1859631
0.2278112
0.2251188
0.1906934
0.1650522
0.1944377
0.2245602
0.2322149
0.1595032
0.1771814
0.2041176
0.1728512
0.1394193
0.1691142
0.1702761
0.2133424
0.1974133
0.205313
0.1896843
0.204698
0.1764155
0.1823556
0.1561128
0.2087006
0.1740995
0.2047898
0.2589741
0.2010208
0.3663476
0.2230325
0.1955858
0.130639
0.1908488
0.1923847
0.2034241
0.2699344
0.2471081
0.2373632
0.1623792
0.2402989
0.1351198
0.1648712
0.2099149
0.1344719
0.1899127
0.1823876
0.1840593
0.1870665
0.194363
0.1421863
0.130747
0.08800097
0.1330815
0.1421441
0.1886721
0.2041267
0.1333074
0.1259432
0.1477215
0.1562903
0.1559683
0.1476682
0.248135
0.1815102
0.2016939
0.280035
0.201236
0.2531796
0.2365321
0.2102518
0.1839795
0.1537325
0.1498784
0.1607268
0.2345667
0.1631573
0.1469386
0.1688844
0.1509616
0.2247812
0.2076965
0.2881716
0.2768579
0.3063129
0.1736835
0.2753836
0.2482716
0.183832
0.2083645
0.2737309
0.3348565
0.2620766
0.2049912
0.200746
0.2312198
0.2253951
0.2364145
0.1918056
0.1719656
0.2367197
0.287307
0.242856
0.3548986
0.2578063
0.3892862
0.2836972
0.247939
0.3056645
0.2251957
0.2298007
0.2594595
0.206728
0.2225778
0.2507137
0.2295847
0.2255179
0.1913503
0.1835582
0.1774217
0.3280796
0.1490716
0.2324215
0.2931126
0.2172426
0.1988465
0.2819358
0.1978689
0.2000821
0.1478606
0.3129403
0.1763814
0.1816378
0.2243544
0.2030799
0.1874717
0.230173
0.22374
0.2201904
0.2654238
0.1759359
0.1675399
0.1565005
0.241486
0.1658202
0.1526401
0.1750378
0.1818249
0.2856845
0.1557564
0.1313533
0.1419617
0.1775705
0.1147074
0.2137677
0.1593004
0.2144327
0.1669156
0.1513564
0.2055913
0.1366667
0.1734492
0.1230704
0.11621
0.127597
0.2297561
0.1589359
0.2757891
0.2928171
0.2816391
0.1570934
0.1753233
0.2043482
0.1233034
0.1658748
0.1601564
0.2144091
0.2925354
0.1615385
0.2177724
0.2045596
0.2560369
0.2297229
0.2615544
0.1858979
0.2542275
0.2207441
0.2272963
0.2584835
0.2936111
0.2419926
0.2476733
0.2027362
0.1978737
0.2734798
0.2692379
0.2838486
0.1564904
0.2242385
0.3724344
0.2567287
0.1814834
0.1533405
0.1825905
0.1931456
0.1734282
0.2303595
0.234579
0.1731312
0.1997806
0.2142452
0.2424269
0.2332307
0.1826485
0.2105952
0.2590024
0.1868599
0.4355588
0.1856084
0.1861209
0.1995046
0.2202821
0.1861921
0.2508491
0.2179821
0.2319712
0.2642499
0.2529519
0.2164315
0.1499041
0.1333164
0.1771397
0.2243872
0.1490579
0.1776145
0.2300879
0.2260951
0.2918507
0.2288049
0.19064
0.2074957
0.1530775
0.143414
0.1819092
0.2078422
0.2290465
0.2727157
0.2698802
0.197895
0.2905731
0.2620479
0.1996181
0.1993764
0.2433287
0.2761488
0.2330909
0.1968317
0.1263305
0.1693717
0.1232135
0.1638639
0.1714839
0.1444727
0.2172138
0.2104595
0.1560534
0.2106032
0.2561275
0.1855276
0.1884089
0.2113493
0.3439819
0.1852546
0.1855727
0.1596552
0.1537521
0.2146716
0.1781612
0.1833859
0.2388162
0.2193036
0.335773
0.209041
0.212201
0.1690652
0.1874897
0.2000709
0.1954371
0.1550169
0.1738639
0.1449404
0.2006157
0.1781543
0.1228806
0.118439
0.1382717
0.2049747
0.1606889
0.1910495
0.1650207
0.212136
0.2048791
0.1319125
0.1718921
0.1725169
0.2302734
0.1669388
0.1318175
0.1325961
0.1659241
0.1546913
0.1334485
0.1461738
0.1754823
0.1547596
0.1501859
0.2227861
0.1681958
0.1634059
0.1425282
0.1670599
0.1658421
0.1636878
0.2028021
0.1679126
0.216053
0.180435
0.1343834
0.1814928
0.1263162
0.1541976
0.152965
0.1593617
0.1529443
0.1308838
0.2396662
0.09939044
0.1464209
0.1976306
0.1146352
0.1403399
0.2162442
0.2230112
0.1741104
0.1070807
0.1327065
0.1680615
0.2275374
0.2619825
0.1513143
0.3253772
0.2501125
0.2390852
0.2505833
0.2644492
0.2808145
0.2017037
0.1897298
0.2339567
0.2948642
0.2738069
0.2695407
0.2154383
0.2215781
0.2956045
0.1461807
0.1745845
0.2707843
0.3542996
0.3705174
0.2189992
0.2603682
0.2313549
0.1784272
0.1989323
0.2825243
0.1442779
0.1702672
0.1635055
0.2327909
0.1436149
0.1505601
0.1980221
0.1693353
0.1334375
0.1405609
0.1321133
0.1515924
0.2297966
0.157135
0.1496104
0.1155973
0.1603001
0.1468883
0.2613338
0.1354821
0.1435513
0.1835431
0.1654577
0.1450058
0.2391863
0.1342447
0.1185085
0.1731365
0.174817
0.1893335
0.2182529
0.2119629
0.232989
0.2242666
0.2289186
0.1657314
0.1542282
0.2104676
0.3310803
0.2634909
0.279121
0.254578
0.2263298
0.1902407
0.2088502
0.2547954
0.2639232
0.1841121
0.214858
0.2515352
0.1526531
0.1913681
0.2051454
0.196917
0.2263899
0.2195723
0.1277552
0.1633828
0.1707279
0.1748438
0.1821475
0.2085702
0.1495608
0.1949477
0.2365434
0.1867602
0.1667962
0.2108898
0.2309628
0.1624932
0.1225323
0.245011
0.1646839
0.173297
0.1745141
0.191098
0.184234
0.1571115
0.1712133
0.131825
0.1336267
0.1381843
0.2090414
0.2011801
0.1641173
0.1362317
0.1900208
0.2090352
0.2976305
0.1498517
0.2658483
0.147467
0.2109318
0.2666039
0.2400222
0.2876918
0.3592626
0.2159986
0.2840688
0.342305
0.1734572
0.1840671
0.2243562
0.2574272
0.3580717
0.2060322
0.3609142
0.2824744
0.3643214
0.3177457
0.2548497
0.2399954
0.2965663
0.4548777
0.3597399
0.4218229
0.3045807
0.3310985
0.3165668
0.4573697
0.3547038
0.2580085
0.2957731
0.2282077
0.1795485
0.3259551
0.1726806
0.2368577
0.1492273
0.2337627
0.328033
0.2434361
0.2980729
0.2970806
0.2191157
0.1490442
0.215478
0.3476195
0.2024178
0.1708303
0.1969587
0.2911884
0.301832
0.2392343
0.313872
0.3229536
0.2873836
0.3986802
0.3181146
0.3438
0.273107
0.2007226
0.257764
0.2079304
0.1876378
0.1890613
0.2295044
0.2211204
0.2000278
0.2980325
0.2270959
0.2439775
0.2635977
0.2302637
0.3319369
0.2965069
0.3329175
0.5005336
0.4132201
0.2438349
0.2622362
0.3056111
0.3621542
0.2046336
0.2779484
0.2798705
0.2261746
0.3216763
0.447413
0.3671868
0.2764383
0.2440568
0.3125572
0.4061173
0.3010321
0.2509083
0.2702901
0.1995849
0.3128078
0.2103848
0.2524711
0.2098787
0.2371224
0.2312354
0.2243751
0.254929
0.2018006
0.1725617
0.1625523
0.1398803
0.1441468
0.1520855
0.128317
0.125462
0.1638632
0.2594053
0.1605105
0.1453136
0.1372209
0.1222181
0.1814232
0.105261
0.237951
0.1441408
0.1495787
0.1345242
0.1603189
0.2425584
0.1982579
0.214377
0.1905498
0.1772968
0.2117334
0.2064582
0.1889889
0.1512602
0.2214879
0.1826186
0.1873366
0.1984377
0.2716201
0.1827925
0.2659175
0.148836
0.1542567
0.2032252
0.2258474
0.2182366
0.202831
0.1820406
0.2350767
0.2173466
0.2134685
0.1974764
0.1976623
0.2117544
0.1935086
0.2234771
0.2233981
0.2642203
0.3505426
0.34707
0.2676661
0.3638973
0.3699425
0.4219233
0.2888113
0.3856919
0.2580121
0.3709212
0.4412451
0.2909967
0.3324024
0.3960482
0.2917948
0.3716651
0.2299862
0.2505229
0.1581266
0.2327086
0.2120185
0.1814522
0.2395377
0.2046723
0.2033231
0.2379942
0.2357703
0.1874475
0.1427578
0.2720876
0.1654497
0.1831355
0.1819404
0.1816041
0.1395215
0.2069639
0.1652615
0.13644
0.1485006
0.227791
0.2175728
0.1697157
0.1985976
0.1532992
0.1461494
0.1699967
0.1637242
0.1481946
0.1773942
0.1845452
0.1885644
0.2090924
0.2094697
0.2294133
0.1700613
0.237922
0.2610854
0.2205162
0.1321656
0.2417715
0.1918719
0.2200104
0.1734472
0.272851
0.219987
0.1564305
0.1809012
0.2107562
0.2025735
0.3172024
0.1993908
0.2727143
0.1957534
0.2743308
0.1792932
0.1725994
0.2131299
0.230246
0.2059826
0.2327828
0.2670778
0.2453422
0.2152811
0.144419
0.1714579
0.2456462
0.2145974
0.2206193
0.1589021
0.2223549
0.2031542
0.166521
0.2123242
0.3287771
0.1790751
0.2219952
0.1750096
0.2499528
0.1423207
0.2173525
0.200607
0.1605474
0.1521352
0.137944
0.1316282
0.1590721
0.1666955
0.2014292
0.1415618
0.2466547
0.2413166
0.2629459
0.2335293
0.1788085
0.2074328
0.1429269
0.2096157
0.2343482
0.1735638
0.1896885
0.1799555
0.187606
0.1459789
0.1544169
0.1489415
0.1418561
0.2456426
0.1857898
0.2287861
0.216113
0.3073778
0.2612139
0.178975
0.1677258
0.2227934
0.2328768
0.1983536
0.1908109
0.2025283
0.2723504
0.2371716
0.2258544
0.2505046
0.1855856
0.2197092
0.1493776
0.1465593
0.1778255
0.2073841
0.1516182
0.2400846
0.2510713
0.2342666
0.2747189
0.1783519
0.2384979
0.2644117
0.2147984
0.157981
0.1640141
0.1575882
0.2218217
0.1995931
0.1479141
0.206489
0.2953408
0.2417096
0.2265458
0.2048638
0.1294023
0.1660319
0.1811813
0.2636029
0.2158255
0.2700206
0.2132331
0.1659412
0.2339432
0.2281301
0.253073
0.2722
0.2191314
0.2378616
0.2019792
0.1793025
0.2107497
0.2614003
0.2136748
0.1958543
0.1887405
0.2118796
0.240371
0.1756397
0.3204181
0.2958208
0.3237566
0.2150767
0.3754081
0.2146502
0.2507747
0.1858707
0.2006707
0.1753789
0.1244188
0.1350773
0.1610729
0.1713352
0.1351654
0.1897538
0.259861
0.2635238
0.2988068
0.3383388
0.2312018
0.2736605
0.2342637
0.2251418
0.1940012
0.2008051
0.1397075
0.1859667
0.1519802
0.2558562
0.1707501
0.1825712
0.1921007
0.184306
0.1942345
0.1579422
0.1599911
0.2145651
0.1543015
0.2208728
0.1333473
0.2062042
0.2269208
0.1425244
0.1624313
0.112728
0.1752722
0.1682828
0.2154052
0.1857223
0.1575562
0.2684124
0.192085
0.3089777
0.2804964
0.3072718
0.1979677
0.1945176
0.1982805
0.1860896
0.2387835
0.2810409
0.2214202
0.1754479
0.1164286
0.1775026
0.1417522
0.1759345
0.168951
0.1952642
0.2074825
0.1725937
0.2414502
0.2821165
0.3387537
0.2919137
0.2113098
0.3130636
0.2568084
0.1933998
0.1840909
0.245883
0.2237544
0.2839444
0.2948855
0.2364211
0.1670388
0.3200101
0.2116355
0.2348666
0.2297609
0.3051664
0.1805071
0.2863116
0.1909416
0.1466924
0.2518992
0.2137324
0.1707213
0.2727252
0.2415428
0.2171831
0.1767743
0.1803085
0.1815492
0.2054073
0.1371513
0.1565912
0.1236361
0.1513733
0.1418754
0.1701196
0.1259705
0.2051402
0.191241
0.2126676
0.1353002
0.1570562
0.2162181
0.1563631
0.1715671
0.1633808
0.2091922
0.1912117
0.1913604
0.1580391
0.1439394
0.1901564
0.1967286
0.2017917
0.1481052
0.1536608
0.1823038
0.1986355
0.1580576
0.1597385
0.2259029
0.1667879
0.1903605
0.1955495
0.2125904
0.2171281
0.1909724
0.1809999
0.1303241
0.1862412
0.2743929
0.1688965
0.1529003
0.2039633
0.1718952
0.1819929
0.1572343
0.1849603
0.1707269
0.1525537
0.1886253
0.2028804
0.2160817
0.1848543
0.1644061
0.2236137
0.1319756
0.2076909
0.2854983
0.1825193
0.3270017
0.2183964
0.2866609
0.2660763
0.3386965
0.3855838
0.1999669
0.1756702
0.2644043
0.3166859
0.2057362
0.1678017
0.2580569
0.1830857
0.1885945
0.1551448
0.186153
0.2045788
0.2912961
0.2062365
0.1797291
0.2386902
0.1889656
0.2572205
0.3254006
0.1610751
0.253092
0.2186006
0.2539535
0.2239406
0.2013668
0.2301172
0.3029987
0.2752653
0.2389254
0.2655621
0.2739806
0.2443534
0.1822276
0.2424719
0.2074694
0.1955974
0.1563885
0.169827
0.2034606
0.1675685
0.1709713
0.1935958
0.1920612
0.2486546
0.1828586
0.2482391
0.2263923
0.2408322
0.3008063
0.2255887
0.2404936
0.2658595
0.2951835
0.1984561
0.2430589
0.1866373
0.2353019
0.1279613
0.1541241
0.1187788
0.1689154
0.1550838
0.0945004
0.106917
0.1114035
0.1138583
0.1301122
0.2061374
0.1883762
0.1233664
0.1758226
0.1948699
0.2730547
0.1804361
0.2002466
0.3492668
0.2839317
0.2141061
0.2816787
0.2045574
0.3438124
0.3006521
0.3298884
0.1836473
0.1783685
0.3260224
0.2170637
0.3184092
0.227117
0.2405796
0.2873774
0.3990212
0.2707098
0.3553277
0.2145749
0.1840269
0.2348151
0.2126243
0.2693971
0.2190728
0.2424587
0.1783124
0.1791111
0.168316
0.1451435
0.1395458
0.1871586
0.1619395
0.1061218
0.1418774
0.1628956
0.1264294
0.1718601
0.1590165
0.144312
0.1725805
0.1469142
0.1485401
0.1138245
0.1748248
0.2084365
0.1266326
0.2008902
0.1232656
0.1850263
0.1220962
0.1667807
0.1482456
0.2317686
0.1799952
0.2164674
0.1798255
0.1364276
0.2043026
0.1988674
0.2758485
0.3666882
0.2665608
0.2857183
0.3216153
0.2247728
0.3363361
0.4858947
0.3286803
0.305991
0.2877374
0.2384261
0.3916337
0.3148719
0.2229463
0.3134941
0.2388873
0.323055
0.2310638
0.3102872
0.2156388
0.2165867
0.2703728
0.2002627
0.1678916
0.1769302
0.2407615
0.1288888
0.1822987
0.2325107
0.1861792
0.1998383
0.1447449
0.1235658
0.1740363
0.1926397
0.1586373
0.1731658
0.1742526
0.2209513
0.1413525
0.1594639
0.2062615
0.2259518
0.2674028
0.1911923
0.1313438
0.1110325
0.2026432
0.1714599
0.2444794
0.3581087
0.2081664
0.236579
0.2007245
0.4013969
0.1847269
0.2731617
0.2504359
0.3163601
0.3146245
0.3699307
0.3263106
0.3438148
0.3260527
0.3984686
0.2551817
0.357241
0.293191
0.3150942
0.2927434
0.2951215
0.3045643
0.3727883
0.4963538
0.3621307
0.2490961
0.1966237
0.1707576
0.15241
0.155141
0.1738127
0.149337
0.1407452
0.1442288
0.1690291
0.2364228
0.1840816
0.2317975
0.2519128
0.2190096
0.1744958
0.181153
0.2096543
0.209061
0.2034941
0.2163454
0.1846602
0.2331128
0.1339655
0.284167
0.2201578
0.1854382
0.2026769
0.1488253
0.1630234
0.176913
0.1385987
0.1341023
0.2015654
0.182442
0.2123829
0.1601405
0.1306798
0.1691955
0.2229842
0.1573588
0.1638061
0.2277947
0.2040329
0.1932675
0.1675442
0.1886629
0.1738166
0.2262576
0.1964835
0.1773253
0.233976
0.1406966
0.1748349
0.1403512
0.1860144
0.1710432
0.2090054
0.1884834
0.267929
0.147671
0.1957948
0.1918047
0.3148876
0.2209778
0.2763013
0.3978138
0.3503877
0.2259615
0.3876429
0.2357701
0.318667
0.2744835
0.2803104
0.2269016
0.2308695
0.2244186
0.3719278
0.2736015
0.2767749
0.3209468
0.2779337
0.4173973
0.3162363
0.272255
0.2405013
0.3468819
0.2968816
0.2467484
0.3270172
0.350653
0.3269693
0.273381
0.2216372
0.194302
0.1987322
0.2201765
0.198458
0.1702869
0.1695359
0.1831887
0.2779789
0.2087402
0.1428522
0.1755561
0.1772681
0.189063
0.186289
0.1912033
0.2534071
0.2297365
0.2750682
0.1980951
0.2087031
0.2332902
0.240771
0.3254251
0.2120012
0.2717693
0.2389252
0.2394679
0.2027493
0.2468861
0.3073581
0.3472167
0.2408446
0.2710629
0.261487
0.296682
0.2662251
0.2035676
0.2164413
0.1154959
0.2074202
0.1799293
0.1270613
0.1790391
0.117874
0.1934863
0.228744
0.1847393
0.2645616
0.2221059
0.2079183
0.2203152
0.1659669
0.1880772
0.1456755
0.1804784
0.163275
0.2254162
0.1677508
0.216085
0.1910687
0.1822761
0.2127632
0.1587665
0.337426
0.1451358
0.223115
0.2158827
0.1779224
0.2141729
0.2138366
0.2048374
0.146742
0.1920876
0.1665472
0.1944053
0.1745365
0.2574281
0.2494612
0.1546969
0.1635507
0.2434982
0.2221033
0.2641467
0.1987343
0.2130498
0.245549
0.261475
0.2141253
0.2343842
0.1795784
0.182746
0.1970714
0.2171704
0.2449016
0.2177921
0.1577386
0.2092226
0.2979202
0.2810046
0.2122806
0.22262
0.2531102
0.2658573
0.2591118
0.2080317
0.2150734
0.1947257
0.1802504
0.2252403
0.153544
0.2063304
0.1679938
0.183226
0.1672329
0.2101642
0.293626
0.2440453
0.2484818
0.1833212
0.1378678
0.1562954
0.329885
0.1913643
0.2338097
0.3233672
0.3040819
0.2009336
0.2797527
0.2854198
0.2594117
0.3712402
0.2246607
0.1989948
0.2578609
0.3036367
0.3533393
0.1916861
0.3166744
0.3137953
0.2037382
0.2433624
0.1965387
0.216143
0.1930545
0.2392996
0.2190501
0.2429516
0.2845574
0.3441212
0.2323404
0.2522428
0.2288227
0.2400439
0.1807706
0.1228167
0.1394207
0.1484516
0.1436579
0.2489698
0.1751145
0.204361
0.1815479
0.1521938
0.1486166
0.1450132
0.1715548
0.2290774
0.2121163
0.2326628
0.1690573
0.222776
0.2670311
0.1853799
0.218225
0.2225604
0.3566413
0.208175
0.2138959
0.3092068
0.1731019
0.2150964
0.185631
0.280273
0.1932241
0.271247
0.2874508
0.2921095
0.1971261
0.1694959
0.2424637
0.2305492
0.3449971
0.205461
0.2476656
0.2153052
0.2109883
0.2440002
0.1744475
0.1514504
0.1636613
0.1877976
0.2673962
0.1810864
0.2911009
0.2783667
0.2234293
0.2355885
0.2426386
0.1998607
0.1856572
0.2476538
0.2158523
0.2032742
0.2216871
0.173384
0.2028703
0.2740662
0.2293069
0.26634
0.282196
0.2457993
0.1852988
0.1832545
0.2618569
0.2538725
0.1753441
0.1570055
0.1787373
0.1248581
0.3022962
0.1260197
0.2090916
0.1764388
0.1535289
0.156796
0.2542445
0.2560983
0.2239971
0.2166629
0.134434
0.1611928
0.1768444
0.1567014
0.1759813
0.2108254
0.2861345
0.2570265
0.2599114
0.206667
0.1214499
0.1765364
0.2128625
0.1610361
0.1585625
0.1406821
0.1494813
0.1964448
0.1296063
0.1731513
0.1832342
0.1791863
0.1532875
0.1840833
0.2219721
0.1375188
0.1810812
0.1226583
0.1662939
0.1234187
0.173045
0.1745167
0.207485
0.1931272
0.2054748
0.2416902
0.2091091
0.1610656
0.2653078
0.2786128
0.2585748
0.2361708
0.1646914
0.2748772
0.1946328
0.2062024
0.4063687
0.3237202
0.2319625
0.1522496
0.2439796
0.1761121
0.1406349
0.2120849
0.223781
0.1992989
0.2413185
0.1745859
0.1776768
0.1314122
0.1307347
0.2303699
0.1512947
0.1771928
0.1482012
0.1071853
0.1628267
0.1854201
0.1359055
0.1711554
0.1963194
0.1546528
0.1688945
0.1604191
0.1720877
0.1893994
0.1355231
0.1293378
0.2153591
0.2127252
0.114891
0.1726768
0.1984844
0.3361262
0.2388943
0.2098413
0.2980529
0.3062181
0.3186234
0.2333687
0.2763363
0.3308708
0.289729
0.1897536
0.2481153
0.252854
0.200417
0.2526463
0.1641089
0.2067399
0.1935802
0.1673854
0.1626199
0.2172687
0.1658031
0.2051152
0.2200769
0.2004258
0.2057319
0.1852295
0.2504477
0.2441559
0.2675889
0.2228273
0.2010019
0.1729306
0.2635261
0.3229921
0.2085745
0.3181286
0.1808138
0.1992623
0.1733816
0.1997093
0.1205797
0.118742
0.1175092
0.1754405
0.1548587
0.2118449
0.09736088
0.1337615
0.1712222
0.1352225
0.1421956
0.1991817
0.2230002
0.2243131
0.2395469
0.229557
0.2260999
0.1736773
0.1953293
0.3166793
0.2119768
0.2508063
0.1765036
0.3557234
0.1994365
0.2097601
0.26905
0.2785711
0.227275
0.2477024
0.3928151
0.2516305
0.2840688
0.2256693
0.2016872
0.2166995
0.2529047
0.2299925
0.2400456
0.1555502
0.2137621
0.1464632
0.215338
0.2296593
0.1808564
0.1356232
0.1728646
0.2412732
0.2226176
0.2445391
0.2098909
0.1696538
0.3009831
0.1611389
0.1387408
0.1832445
0.218364
0.2350411
0.142047
0.2214443
0.2086303
0.2083061
0.2798551
0.2222983
0.3686752
0.2555776
0.229057
0.2492927
0.2792936
0.268748
0.3059787
0.1906741
0.1872661
0.2003061
0.5582404
0.2408252
0.2690912
0.2478995
0.2205134
0.1580195
0.2074318
0.2453259
0.2492298
0.1902105
0.2051988
0.241714
0.2496935
0.220906
0.1593573
0.2692734
0.2073855
0.1749023
0.2441111
0.2930781
0.1776996
0.1634591
0.2302784
0.188234
0.2079104
0.1478616
0.1899581
0.2286033
0.2002168
0.2348049
0.1709809
0.2132859
0.2745086
0.2087453
0.215394
0.1789585
0.1987099
0.1839233
0.1817385
0.2785314
0.2222915
0.260267
0.2276059
0.1925364
0.2432545
0.1803908
0.1762764
0.1291188
0.2108322
0.1653409
0.156261
0.2653923
0.2357445
0.1802891
0.266576
0.2507629
0.2689428
0.2479585
0.2066325
0.2279197
0.2225119
0.1970134
0.1679582
0.1489005
0.1332308
0.1264744
0.1555213
0.2014043
0.1955869
0.189926
0.2008952
0.1987198
0.1776757
0.1597553
0.1356459
0.2126332
0.1698238
0.2045028
0.3390366
0.2428338
0.2499934
0.267344
0.3183053
0.2475325
0.224652
0.1572296
0.2160602
0.1965464
0.2512986
0.2702179
0.2998967
0.2494828
0.2857206
0.2518014
0.2548824
0.2666749
0.1956569
0.2221452
0.3132487
0.2521044
0.2521457
0.3267191
0.2064347
0.1718709
0.2398608
0.2974103
0.3153246
0.2640387
0.2950514
0.2376245
0.2503903
0.2623622
0.255887
0.2155576
0.29671
0.2112615
0.3538854
0.1915603
0.2780065
0.2009173
0.301694
0.1690587
0.3042188
0.3580835
0.2018244
0.3061472
0.1873839
0.3660801
0.2307611
0.3340636
0.2164541
0.195528
0.1692991
0.346191
0.2163004
0.2667151
0.1943227
0.2333066
0.2085995
0.2683548
0.1614907
0.1854335
0.1641813
0.214779
0.2479915
0.2832511
0.1481807
0.228445
0.1353453
0.2872923
0.1917497
0.2444792
0.2867127
0.2012314
0.1720389
0.2251264
0.2163715
0.1773527
0.1950134
0.1332603
0.1466237
0.1173522
0.124172
0.1744744
0.160776
0.1748692
0.2035696
0.1435906
0.14349
0.224074
0.166442
0.1575914
0.1889745
0.2094258
0.2331399
0.2358282
0.1247595
0.1505095
0.171094
0.1250846
0.1837476
0.2195684
0.176324
0.193532
0.2146351
0.1829594
0.1910344
0.2017475
0.2348071
0.3230749
0.2195661
0.2468225
0.3249971
0.1765173
0.215464
0.1899377
0.2470539
0.3088539
0.2062503
0.182997
0.1426761
0.1698793
0.1699787
0.2333381
0.1450374
0.1503884
0.2100921
0.1546453
0.108839
0.1683568
0.2090619
0.2355339
0.1323578
0.1799996
0.2002818
0.1747172
0.1996084
0.2890555
0.2408521
0.1830607
0.1447427
0.1285772
0.1340668
0.1805787
0.1706928
0.1678077
0.221473
0.2428054
0.2429721
0.25126
0.2080438
0.3140724
0.2778525
0.2129115
0.2054225
0.2001059
0.2309279
0.1909573
0.208882
0.2080667
0.3157939
0.2190548
0.2839707
0.2036089
0.3130747
0.2747127
0.238853
0.2694321
0.2911092
0.3161817
0.1953845
0.1490931
0.2796573
0.2410364
0.3054672
0.1885303
0.189839
0.2265928
0.2547001
0.2598471
0.1621913
0.2660149
0.2734271
0.1897165
0.1686315
0.1874998
0.2045698
0.1927154
0.2201156
0.1628901
0.1872516
0.1923523
0.1671066
0.1518718
0.1617258
0.2543281
0.1979392
0.2016861
0.3091705
0.2789187
0.2260353
0.2883634
0.2753925
0.1722773
0.2410383
0.2107097
0.1745471
0.1517883
0.2086863
0.1767062
0.2641685
0.3643174
0.3157078
0.2866884
0.1743409
0.2202289
0.1947914
0.1599418
0.1783674
0.3108791
0.1766039
0.3291617
0.2194194
0.3042574
0.2301539
0.3981596
0.3146437
0.4225846
0.1586498
0.3114391
0.1553434
0.2012543
0.2133358
0.1693438
0.1586691
0.2046951
0.1580839
0.1610946
0.1709955
0.2381013
0.1922878
0.2124597
0.2473396
0.2107575
0.1913116
0.2147603
0.1324673
0.1829185
0.1443169
0.2277585
0.1671676
0.1711047
0.2980585
0.1582617
0.2511352
0.18232
0.1923062
0.2068496
0.1906747
0.2102175
0.3805801
0.2304697
0.2220707
0.1996313
0.2089862
0.3587994
0.284764
0.1850698
0.1532428
0.1712107
0.235903
0.2805979
0.2285037
0.2493247
0.2665785
0.2594673
0.2702105
0.2578993
0.2837577
0.2729183
0.2099628
0.1548638
0.1954459
0.3090379
0.2972692
0.2003022
0.1785744
0.1995164
0.1526965
0.1412193
0.1899318
0.2313931
0.2278459
0.2651629
0.1666587
0.1617467
0.2160251
0.1563849
0.369577
0.1693359
0.4523688
0.2265459
0.2110931
0.2338207
0.2613819
0.3054122
0.2454223
0.2424252
0.3068307
0.2070907
0.2500854
0.2195799
0.2499073
0.2809192
0.2191725
0.21058
0.1918871
0.2303031
0.277536
0.2162899
0.2302104
0.2719512
0.2623287
0.4317186
0.2528074
0.2601688
0.2911654
0.2270257
0.2462034
0.189042
0.243613
0.2412443
0.1932297
0.3399206
0.2093924
0.3130298
0.2480196
0.2480409
0.1744838
0.1923151
0.2467315
0.4211745
0.3678033
0.3588393
0.3092152
0.2784381
0.2632857
0.2548504
0.2335072
0.2262949
0.2491568
0.1814772
0.25024
0.2667038
0.2507317
0.3062788
0.2326376
0.2195383
0.2057532
0.2241545
0.2390286
0.1371561
0.2015449
0.1919786
0.1852827
0.1865708
0.1727423
0.1568855
0.2535218
0.2189198
0.271515
0.1671483
0.1553111
0.1285488
0.1067645
0.1146011
0.07566478
0.0986906
0.1233601
0.1254875
0.2214658
0.1399553
0.1537552
0.1378527
0.1197488
0.1245373
0.1830462
0.2052994
0.2068467
0.2495396
0.2284434
0.2011135
0.2420379
0.1534685
0.187738
0.2505723
0.1364389
0.178873
0.2278745
0.25746
0.2786175
0.1654994
0.2716491
0.1636763
0.1647461
0.1225242
0.2316005
0.1814141
0.199005
0.1499507
0.182326
0.1530346
0.2363726
0.2279626
0.1622308
0.1528822
0.2139913
0.2455771
0.1977886
0.1548409
0.2051386
0.2085426
0.1672369
0.182698
0.1654802
0.1653373
0.1734814
0.2917633
0.1779009
0.1573685
0.1885116
0.1928979
0.1688539
0.1942431
0.1386615
0.1515372
0.1412161
0.1830051
0.1387205
0.1438577
0.2208059
0.1411459
0.1825953
0.1065579
0.1534535
0.1170402
0.1588459
0.1100673
0.2065591
0.2509711
0.2930024
0.2343127
0.2275598
0.2058453
0.1327021
0.1257274
0.1917233
0.1942212
0.2197386
0.1987817
0.2733941
0.2404794
0.1745434
0.1756938
0.1698724
0.1783326
0.1318378
0.1716763
0.1656875
0.1559303
0.190308
0.147741
0.2368345
0.2203573
0.2387791
0.2039188
0.1323506
0.2017756
0.1894372
0.2154074
0.1902467
0.1410482
0.1606384
0.1431384
0.1273725
0.1812069
0.1793957
0.2131437
0.2157644
0.2280286
0.2489523
0.284485
0.3013532
0.3024512
0.3064033
0.2900386
0.2570821
0.3370219
0.145112
0.1126627
0.1545171
0.180049
0.1740479
0.1711976
0.2260553
0.3019966
0.193857
0.2336585
0.1812389
0.1668722
0.206372
0.2368608
0.1198139
0.1703227
0.1748578
0.2477595
0.2539447
0.1970178
0.2406026
0.2242463
0.1494376
0.1920779
0.2088333
0.1782872
0.2390616
0.1768287
0.2157206
0.1411265
0.1510528
0.1998906
0.1752421
0.1042807
0.1579266
0.1578912
0.1672698
0.1801406
0.1588656
0.2781634
0.295952
0.2645709
0.3933081
0.2233264
0.2254382
0.2580575
0.1918259
0.195263
0.1860962
0.2609932
0.1985988
0.1968812
0.3804419
0.2631263
0.2198702
0.3334237
0.2509576
0.213034
0.2140065
0.2368839
0.1853114
0.2615888
0.1743539
0.1731265
0.1838565
0.215169
0.2048533
0.1661548
0.2394894
0.1798327
0.2648474
0.2552814
0.1756473
0.1968774
0.1633607
0.1803019
0.2329122
0.1876431
0.2152092
0.168472
0.2359546
0.2006044
0.1970569
0.1761806
0.2359543
0.2800315
0.1810113
0.1733695
0.1300594
0.1573874
0.1710715
0.1356295
0.1159763
0.1808555
0.1721593
0.2109029
0.1758226
0.1277529
0.1532941
0.2047042
0.2036621
0.203066
0.2603354
0.1581636
0.2500084
0.2481786
0.2285027
0.2113831
0.156643
0.2452163
0.2125414
0.1930374
0.1451679
0.1679525
0.2021711
0.229913
0.2436444
0.2102463
0.2079855
0.3222875
0.2069671
0.2151518
0.233199
0.208411
0.1727457
0.1673177
0.3028904
0.2357309
0.195242
0.1671408
0.232317
0.320879
0.3147486
0.510267
0.3329122
0.3502099
0.2799833
0.3035132
0.280328
0.2610311
0.2426456
0.2102917
0.2189277
0.2234583
0.2583996
0.2379668
0.200113
0.164837
0.1486944
0.1949547
0.1456887
0.1517997
0.2635206
0.2425982
0.2148321
0.2195071
0.3512318
0.3448632
0.3177422
0.4194269
0.2612995
0.3680854
0.2905595
0.3328001
0.3180134
0.3347357
0.224337
0.3137462
0.4267867
0.4267897
0.4338965
0.4677792
0.2922876
0.3428001
0.3568576
0.2749413
0.3769357
0.3693387
0.3074721
0.3376381
0.3209292
0.2804631
0.4408118
0.2462636
0.2850988
0.2790021
0.1689653
0.2283156
0.1258336
0.1734452
0.2905271
0.2490655
0.1690339
0.182527
0.2336101
0.2137005
0.2494321
0.2719562
0.2476717
0.1706393
0.1906039
0.1450205
0.1704804
0.1398944
0.1114411
0.2022918
0.1403819
0.1380812
0.1376253
0.1217421
0.07823471
0.1533886
0.2154282
0.2526081
0.2359632
0.1707884
0.1522147
0.2057854
0.1870123
0.1492035
0.181918
0.1501544
0.1893773
0.1677505
0.2042393
0.2156584
0.1871716
0.1731385
0.1288019
0.1799398
0.3197698
0.2402701
0.2242533
0.2749591
0.2306519
0.2222806
0.2010373
0.1540436
0.1398332
0.109972
0.1415228
0.1586651
0.1038529
0.144117
0.2705009
0.1738104
0.2569584
0.1791113
0.3020527
0.2343763
0.2148966
0.2541275
0.3234805
0.2386134
0.1504777
0.1989324
0.2527675
0.2942422
0.2494153
0.3831444
0.2512881
0.2225159
0.2664216
0.247263
0.265286
0.3535215
0.2309092
0.2806183
0.2940326
0.3877561
0.1727027
0.2506161
0.242014
0.3276263
0.1897928
0.2982472
0.3536286
0.2395401
0.258325
0.1967417
0.2002524
0.2875061
0.2287916
0.2560853
0.1967261
0.1481487
0.1698316
0.158966
0.1751344
0.178336
0.1615249
0.215411
0.1668445
0.1681359
0.13956
0.2093639
0.2190522
0.2182616
0.1585323
0.1594394
0.166073
0.2731407
0.1602473
0.1842001
0.2901137
0.1760992
0.1511461
0.153061
0.2050501
0.1926472
0.186397
0.1445125
0.2538701
0.2210555
0.1580233
0.1724892
0.1804656
0.210499
0.1677736
0.168954
0.1738756
0.1528254
0.1361035
0.1447702
0.1296144
0.1407663
0.158856
0.1877814
0.1412165
0.1292764
0.1475761
0.1743509
0.1746035
0.2515409
0.1170884
0.1370076
0.1680282
0.1689001
0.1409867
0.1908863
0.1507339
0.1543426
0.2167101
0.1225756
0.2203823
0.2043675
0.2143322
0.346972
0.2454183
0.2159604
0.3469039
0.3037885
0.3759251
0.2265474
0.2252096
0.1787126
0.1880438
0.2553948
0.2014125
0.279291
0.2163995
0.2007587
0.1930185
0.1437493
0.2110055
0.2279271
0.1601816
0.198171
0.1760722
0.1217939
0.2011197
0.1514907
0.1886324
0.1601193
0.1495027
0.1756465
0.1829807
0.2771502
0.2382368
0.1969093
0.2681982
0.2080904
0.3218574
0.3001245
0.2968915
0.2873418
0.2857985
0.3335087
0.2518985
0.1787967
0.1841532
0.1958277
0.1766395
0.2761285
0.1816109
0.2173684
0.2287988
0.369523
0.256821
0.2086265
0.2913144
0.2559327
0.1960288
0.1493091
0.2121083
0.3207935
0.2127666
0.2627788
0.1489816
0.2381586
0.2466538
0.1657697
0.1969571
0.1888226
0.1767254
0.1299471
0.1886084
0.1816352
0.1927745
0.1748776
0.180001
0.2436623
0.2040429
0.1567
0.1588175
0.2226801
0.1233197
0.1734142
0.1601497
0.1817799
0.1670398
0.2193899
0.2889096
0.2979417
0.1655039
0.1607158
0.2264673
0.1716788
0.1773255
0.2506215
0.3201117
0.1580459
0.3080405
0.2188888
0.2682729
0.1766117
0.1800472
0.2174264
0.2143176
0.2127325
0.1951521
0.1729343
0.1392376
0.2298646
0.2413904
0.1372259
0.1817524
0.166553
0.1212461
0.1537618
0.1405681
0.160543
0.2386866
0.1644245
0.1952966
0.1903168
0.1948355
0.1959782
0.1652389
0.1577784
0.197904
0.2208328
0.1610911
0.2631631
0.2642223
0.1988475
0.2339551
0.1470855
0.2288293
0.1672553
0.2488592
0.246391
0.1453334
0.2289085
0.2313316
0.1694241
0.261534
0.1533591
0.1511441
0.3139849
0.2210509
0.1760104
0.1930445
0.1815518
0.1651536
0.2464731
0.1946772
0.2219599
0.3137438
0.2912727
0.2900099
0.2448178
0.2215088
0.2622923
0.2522526
0.3962855
0.3136648
0.2732617
0.2354638
0.2069801
0.2353116
0.2436701
0.1969168
0.1858951
0.2057485
0.1939979
0.1351768
0.1469815
0.1686947
0.1825578
0.1600192
0.1687768
0.1420527
0.1338397
0.1710814
0.2345831
0.220691
0.2107829
0.1608014
0.2874015
0.3857359
0.3012249
0.1395295
0.1482298
0.1660086
0.1891655
0.1227018
0.1663132
0.1994212
0.194811
0.1709766
0.2100046
0.1913459
0.1968148
0.2029544
0.2254487
0.2388476
0.1775002
0.3285565
0.2266636
0.1737934
0.1679622
0.1930664
0.1494247
0.1497237
0.1459426
0.1770794
0.09998871
0.1370676
0.2074199
0.1338315
0.1595697
0.135692
0.219379
0.2013396
0.2130205
0.1845029
0.3161558
0.3135293
0.3045481
0.2374859
0.2682089
0.2473757
0.2858128
0.3743736
0.3781073
0.3208164
0.2825139
0.4306631
0.3076143
0.4661299
0.2328441
0.4106665
0.228956
0.3925786
0.2703088
0.3924176
0.267738
0.3722472
0.3374628
0.2444488
0.2220858
0.2766143
0.4104509
0.3960115
0.3523971
0.2867869
0.2137848
0.3623211
0.2252005
0.270905
0.3093802
0.2888679
0.3254219
0.3074634
0.3681087
0.318593
0.3377188
0.3113449
0.2112753
0.2793343
0.1790989
0.2528107
0.3115821
0.2224858
0.2483984
0.2276999
0.3508822
0.2298901
0.2772477
0.2988878
0.2838142
0.2565896
0.2040152
0.4036263
0.422774
0.4818201
0.4783384
0.4306744
0.6644606
0.3002542
0.2755747
0.3828536
0.2405698
0.2391732
0.1398545
0.1433913
0.1903642
0.1124492
0.1952886
0.1390812
0.1551883
0.1696045
0.1942865
0.2428174
0.2259448
0.2127059
0.2807362
0.290981
0.2833077
0.2628038
0.2373376
0.277217
0.332878
0.2935648
0.3538562
0.3610035
0.3960657
0.4341592
0.3393711
0.3073769
0.48291
0.2986136
0.2832709
0.2396964
0.3029859
0.3952305
0.3925311
0.6041247
0.4231418
0.3724422
0.3103601
0.3058949
0.2654914
0.2632341
0.3499467
0.4098395
0.4126304
0.3176616
0.4685174
0.3323723
0.2882495
0.351037
0.279595
0.4216698
0.3638228
0.2993589
0.4249376
0.3700046
0.4097827
0.3928891
0.3143482
0.2779366
0.2799011
0.3427651
0.369023
0.3272906
0.3438555
0.3320739
0.2786566
0.2644701
0.3593579
0.3863819
0.4224706
0.3424299
0.4265676
0.5579676
0.4862977
0.4239724
0.3615737
0.4102682
0.3888468
0.3279128
0.2864129
0.2339214
0.2435351
0.2087984
0.1280688
0.3869455
0.3108872
0.1870663
0.2486878
0.1567934
0.19526
0.1373713
0.1688867
0.2501467
0.1436256
0.1214225
0.1791666
0.1810075
0.1626647
0.2784359
0.2397296
0.1863498
0.1932656
0.207952
0.2507104
0.2178335
0.1928385
0.1953023
0.2824661
0.2235109
0.1893104
0.1589627
0.1768054
0.1661331
0.1834941
0.1431864
0.1877865
0.2023872
0.2271651
0.2918308
0.2266938
0.1611005
0.2239363
0.2490639
0.1548081
0.2467586
0.1671027
0.1936787
0.2619101
0.2126646
0.2010501
0.1682972
0.1814132
0.2456334
0.1984685
0.1999801
0.1734512
0.196163
0.2165992
0.2018102
0.2727246
0.2702087
0.2506698
0.2247106
0.2525662
0.2199867
0.2363136
0.200884
0.1913339
0.3188459
0.3109242
0.2463279
0.2901215
0.2528661
0.2392839
0.261633
0.3186612
0.2784536
0.255281
0.2845034
0.2552462
0.2482603
0.2741472
0.32049
0.3278829
0.2918627
0.2377446
0.2878652
0.3478029
0.3145194
0.3025084
0.210253
0.2424314
0.2282451
0.1975502
0.2530311
0.2029265
0.2125405
0.1358094
0.1952132
0.156914
0.1390266
0.1729475
0.1800996
0.1752384
0.1935634
0.2438175
0.1621071
0.2489184
0.3000348
0.2212501
0.2236972
0.2324459
0.2999743
0.2991023
0.3182879
0.4563611
0.2025213
0.2878825
0.2755907
0.1979242
0.2765148
0.1857487
0.3149274
0.3546189
0.2489362
0.3170113
0.3638335
0.5395079
0.2272971
0.2398574
0.3939809
0.2629176
0.2279863
0.2368999
0.2543742
0.2749236
0.361261
0.2834112
0.278536
0.4131871
0.3452267
0.2587783
0.1859751
0.195145
0.2347998
0.2029983
0.1652855
0.1543982
0.1521947
0.1591066
0.1577549
0.1779917
0.1640969
0.1966041
0.1844921
0.1768197
0.2320144
0.1737692
0.1415566
0.1271795
0.1431658
0.1139601
0.1798013
0.1229854
0.1781836
0.1468717
0.1973342
0.1681311
0.17938
0.2182311
0.2226769
0.225318
0.1579199
0.2082974
0.2208941
0.1850938
0.1721612
0.1650861
0.1965266
0.2080045
0.2486871
0.2647169
0.1990974
0.2983549
0.1834237
0.2054732
0.242387
0.1836294
0.2272407
0.258257
0.1605338
0.1896312
0.1560227
0.1904839
0.2138045
0.1546454
0.177105
0.1882671
0.191706
0.2600087
0.2689661
0.3532088
0.2659769
0.2236657
0.1997636
0.1920092
0.1826855
0.2433767
0.1573698
0.3075859
0.2015598
0.2065723
0.2369964
0.469111
0.2992356
0.3597645
0.3274646
0.3943744
0.299564
0.5457849
0.4401481
0.4699395
0.4426957
0.3771581
0.398728
0.4696051
0.4581961
0.4842993
0.5366917
0.4882167
0.3863189
0.3892501
0.3650453
0.4218867
0.298179
0.3252246
0.2390271
0.153843
0.2299957
0.1844026
0.2086259
0.2763347
0.2111453
0.2053783
0.2960778
0.2901699
0.2595328
0.2871931
0.1849741
0.1903811
0.2296272
0.2940875
0.3701867
0.2480076
0.2602176
0.2027796
0.1524989
0.1838746
0.2383027
0.2228083
0.3100938
0.1822142
0.2459335
0.2507363
0.2003516
0.2001675
0.3029697
0.2546643
0.2617793
0.2432028
0.2936914
0.2281665
0.2565691
0.2868437
0.3887777
0.438965
0.2754347
0.2087605
0.4208367
0.210256
0.3202929
0.2439722
0.3008133
0.2501547
0.3913989
0.3127563
0.4407662
0.3292414
0.287954
0.2664318
0.2080284
0.2438888
0.2387057
0.2555919
0.3030256
0.1985193
0.3811771
0.2086223
0.3356439
0.2269009
0.2885184
0.2864901
0.2475649
0.3427609
0.268829
0.2559094
0.3319911
0.2266923
0.2459223
0.1623209
0.3132299
0.2433382
0.2324788
0.3304343
0.2963787
0.1986794
0.239085
0.2304246
0.22276
0.2502987
0.2395974
0.2398261
0.1677887
0.167509
0.156147
0.150702
0.1772807
0.2673722
0.2591436
0.2807548
0.2304257
0.3089894
0.2001473
0.2734921
0.2213785
0.2924161
0.3026962
0.2641435
0.2290425
0.3004433
0.2422856
0.2097678
0.268524
0.2176246
0.1827834
0.2883182
0.3140951
0.2063901
0.247577
0.2091435
0.2639024
0.4264111
0.2869826
0.2217183
0.3019095
0.2475553
0.3049618
0.4092032
0.2509899
0.2858274
0.3477014
0.2426298
0.2717619
0.319024
0.2361537
0.2691459
0.2214018
0.1447583
0.20296
0.1373938
0.1730418
0.1554144
0.1533663
0.1750302
0.233715
0.1593797
0.2167806
0.272528
0.4198769
0.4952414
0.3004947
0.3261681
0.313147
0.268314
0.3773093
0.2795906
0.2019607
0.2042242
0.3563858
0.2490106
0.3702309
0.3167986
0.3631667
0.2534361
0.3379264
0.4425611
0.2426171
0.1840114
0.2640192
0.2980842
0.2056323
0.2640869
0.2273747
0.2513564
0.2449199
0.1758472
0.2645465
0.1988658
0.1791283
0.1408002
0.2373973
0.2210639
0.2271181
0.1733597
0.3523997
0.2322866
0.2674074
0.3639678
0.3276154
0.1995388
0.1993412
0.2379675
0.2558623
0.2600452
0.3691514
0.2084636
0.2821527
0.2530451
0.3010369
0.2693514
0.2586603
0.2221491
0.2004848
0.2078287
0.226651
0.3999556
0.3231395
0.2956303
0.2310954
0.2604853
0.2808258
0.1513882
0.2062803
0.1798707
0.1697393
0.1980375
0.1744686
0.1611715
0.2036993
0.2836979
0.1974732
0.1994166
0.1396648
0.2567887
0.213107
0.2244256
0.2364062
0.1374376
0.1677384
0.1550069
0.1743013
0.1509967
0.2016342
0.1289534
0.1513778
0.1629629
0.221623
0.1553519
0.1456171
0.1635629
0.16911
0.1507297
0.132354
0.1631575
0.1950605
0.1413584
0.1897286
0.159075
0.2572781
0.2119532
0.1564217
0.223474
0.147841
0.2246279
0.2182826
0.2581909
0.2883017
0.258818
0.3159283
0.1807445
0.290343
0.2185573
0.2271724
0.3135155
0.2325872
0.347101
0.4090163
0.3541416
0.3467818
0.3196203
0.3706879
0.1989325
0.1837974
0.2175817
0.1528916
0.1762834
0.1581912
0.225331
0.2156842
0.2117522
0.2349657
0.3189325
0.2779466
0.2645296
0.3430062
0.2943972
0.3832402
0.3149958
0.3365562
0.279423
0.2209624
0.2306587
0.4185358
0.339763
0.2766079
0.4387136
0.3166048
0.3502269
0.4333101
0.422873
0.3958605
0.2867721
0.4137307
0.2664252
0.2798844
0.3095674
0.2345292
0.3087258
0.2326415
0.2746461
0.216299
0.3752139
0.3142914
0.301385
0.3653689
0.2728776
0.3008668
0.2781314
0.2181486
0.2031477
0.197541
0.1877826
0.1732895
0.2486611
0.1713235
0.1477037
0.2023635
0.1524037
0.2214112
0.1438067
0.1070695
0.1772708
0.159393
0.153721
0.1814121
0.173794
0.2299915
0.1459469
0.1363387
0.1348268
0.2747659
0.1783975
0.14393
0.2138233
0.1436366
0.1317849
0.1443263
0.1378656
0.1237899
0.101523
0.1183034
0.1003879
0.1585571
0.147119
0.1266546
0.1483917
0.1583798
0.1428657
0.2458907
0.2516533
0.1886792
0.1553696
0.1605859
0.1714483
0.1942681
0.1154102
0.151547
0.1455529
0.1573044
0.1979228
0.1892577
0.2522902
0.165109
0.2022581
0.1376132
0.1715692
0.2246531
0.359137
0.3073611
0.2303958
0.3716769
0.2384231
0.2226378
0.181778
0.2101318
0.1789998
0.1811036
0.1726605
0.1862493
0.1773051
0.1202329
0.1877517
0.1875198
0.1911533
0.1671029
0.1565003
0.2127806
0.1485155
0.1343647
0.1193918
0.1572974
0.1304455
0.1215148
0.1489443
0.104712
0.1120347
0.0909412
0.1603673
0.2164487
0.1417496
0.106887
0.1723338
0.2133874
0.2520817
0.1921052
0.2632631
0.2432282
0.2233977
0.2318906
0.3101995
0.1593794
0.2531501
0.2389062
0.1880666
0.235082
0.148873
0.2127217
0.2949673
0.1919674
0.2425022
0.1709036
0.1354918
0.2172941
0.2264495
0.2168092
0.1685336
0.20846
0.1972608
0.3118031
0.2233568
0.2726071
0.2684403
0.18949
0.2574588
0.2429632
0.2007545
0.2431113
0.1907759
0.1326149
0.1287008
0.1911253
0.1804976
0.142014
0.2000032
0.1587522
0.1786854
0.2402417
0.2097205
0.2278399
0.1643378
0.2526131
0.2398039
0.1435637
0.1838566
0.2124301
0.3108275
0.2087162
0.2585688
0.2182139
0.3184113
0.2405034
0.2366749
0.2688811
0.1797467
0.1522723
0.1904333
0.1881418
0.2560137
0.1990552
0.2188967
0.1727858
0.1749501
0.2434771
0.2987066
0.1386388
0.2409815
0.1942761
0.2762396
0.2382588
0.316691
0.2536544
0.2023498
0.2051845
0.1919389
0.237783
0.2192001
0.1955764
0.2445384
0.2454844
0.2582026
0.2309794
0.2200556
0.3620393
0.2419528
0.1761014
0.240174
0.2441957
0.2613973
0.3574728
0.223229
0.3263613
0.2556194
0.2405659
0.3217449
0.2477237
0.3104285
0.2462078
0.3084965
0.3284259
0.458969
0.3013736
0.3328604
0.2788457
0.2201408
0.2930987
0.286009
0.2920483
0.3405177
0.2882519
0.1980976
0.3359634
0.2642743
0.2636515
0.2158336
0.2088912
0.2249818
0.2104661
0.2722221
0.2950607
0.1858912
0.1063577
0.1738841
0.1974946
0.1854728
0.1664003
0.1528043
0.2667483
0.1942433
0.2255488
0.1901461
0.2226548
0.3082211
0.2077227
0.2260368
0.1917338
0.161827
0.1617271
0.1584112
0.131284
0.1568925
0.1281479
0.1298808
0.1666018
0.1406115
0.1118242
0.1227469
0.1513368
0.123314
0.1772292
0.1907712
0.224339
0.1725933
0.189376
0.142384
0.2556154
0.1939287
0.182425
0.2384098
0.2632201
0.1583632
0.2983871
0.1764557
0.1527602
0.1501192
0.1319322
0.1322039
0.1831318
0.1956426
0.1795002
0.2592316
0.2155246
0.2207347
0.193945
0.1697215
0.194868
0.1648022
0.2002575
0.200549
0.246541
0.3426934
0.248823
0.1802057
0.3332484
0.2258592
0.2928508
0.16934
0.1479148
0.1841236
0.137977
0.1668944
0.2504334
0.2484836
0.243302
0.1670857
0.2078267
0.3016239
0.217162
0.1480098
0.1731631
0.1354148
0.1412074
0.1354399
0.150746
0.1494409
0.1076205
0.1092019
0.1352212
0.1539393
0.1554743
0.1631462
0.1751437
0.2318686
0.1196106
0.1534818
0.2131742
0.156072
0.2000807
0.2099426
0.2464517
0.2538946
0.1967604
0.155354
0.1405224
0.211093
0.1580021
0.1972915
0.2593086
0.2586312
0.3606472
0.2704604
0.2221217
0.2810955
0.4388023
0.2809025
0.39601
0.2953783
0.3153881
0.4473135
0.3296732
0.3350806
0.4023971
0.3369761
0.3844353
0.4375953
0.240849
0.1867281
0.2039585
0.2424992
0.2000485
0.1864152
0.1422994
0.1966405
0.1802548
0.2283116
0.2100234
0.1799171
0.2633112
0.1911366
0.2372456
0.1797536
0.193468
0.2387673
0.1807836
0.3028986
0.3038564
0.2025169
0.3498299
0.2212079
0.2495399
0.2560164
0.2386221
0.2227617
0.1821072
0.1913297
0.1683333
0.1805807
0.1690919
0.1297245
0.1624191
0.1765757
0.1072513
0.2035798
0.1694332
0.1907536
0.2145528
0.1778924
0.1779364
0.1469574
0.1364849
0.1301616
0.1696228
0.137561
0.1470712
0.1405805
0.1168986
0.1269207
0.1253787
0.1264485
0.1245462
0.1704185
0.1645521
0.2256624
0.2277781
0.1876995
0.1884545
0.1902242
0.1349326
0.1879054
0.1854747
0.2629739
0.1961533
0.1867085
0.3310422
0.2113911
0.1356167
0.204094
0.1271647
0.1840589
0.1844634
0.1838649
0.1641324
0.1659189
0.1410855
0.2410049
0.1651216
0.1809422
0.245794
0.1624047
0.1635608
0.1271973
0.2294401
0.1912684
0.1719975
0.1862264
0.2895444
0.1352087
0.1896876
0.1861808
0.18645
0.1589801
0.2012338
0.1965434
0.1949246
0.1677151
0.2814253
0.3141405
0.3737979
0.350714
0.2817863
0.262532
0.329214
0.3054216
0.3541884
0.3426562
0.3443326
0.4024965
0.2358532
0.1760664
0.243443
0.1655199
0.1657568
0.1611741
0.1822639
0.2630365
0.2823716
0.258888
0.1975567
0.1539185
0.1316794
0.1095192
0.1357829
0.170783
0.1385118
0.1596472
0.1492478
0.2172442
0.1273041
0.1819584
0.1718586
0.1394577
0.1513412
0.1793841
0.1937477
0.2889898
0.2100453
0.157484
0.1515505
0.1713231
0.1646749
0.2025753
0.15507
0.2514423
0.191097
0.1582144
0.1589791
0.2349459
0.2225762
0.1773329
0.2239662
0.2159172
0.1861228
0.3376091
0.3858064
0.4982313
0.2788773
0.2708894
0.326404
0.3181423
0.2841817
0.39546
0.3069362
0.3311052
0.2918448
0.3812425
0.2901346
0.2404815
0.2833212
0.3139215
0.3315702
0.3086442
0.2788665
0.2730273
0.2317859
0.2224696
0.2548501
0.230811
0.2248969
0.2486145
0.2447864
0.2446202
0.2347019
0.228735
0.2114905
0.1735264
0.1651134
0.2689135
0.2678704
0.2335359
0.1949794
0.1965168
0.1595745
0.2516249
0.140853
0.2242124
0.1954411
0.1718602
0.1763703
0.1553295
0.1808992
0.1431443
0.1623758
0.1462983
0.1263849
0.1395461
0.1922101
0.1415188
0.2054334
0.1661495
0.1868373
0.1982282
0.214182
0.2021899
0.1724482
0.1615181
0.2164043
0.2206671
0.1897555
0.2054712
0.1820164
0.1818598
0.1812503
0.1529553
0.3018335
0.1986148
0.237412
0.1915236
0.1773638
0.1934041
0.2043789
0.2142825
0.1948816
0.1457034
0.1564911
0.2006571
0.2168661
0.189743
0.25697
0.1969049
0.1648644
0.1564777
0.1678516
0.3094258
0.1391644
0.1457448
0.1426521
0.1416291
0.1624651
0.1125667
0.1542345
0.1247784
0.12352
0.1359259
0.1838428
0.2106211
0.2218368
0.2581578
0.1932991
0.2152685
0.2079586
0.158591
0.1755566
0.1712146
0.187655
0.1281433
0.1560505
0.201502
0.1768289
0.1483124
0.2222336
0.1856892
0.1856274
0.1795559
0.2491896
0.2759846
0.1827876
0.2814337
0.1835428
0.2199684
0.196343
0.2002364
0.201634
0.2503057
0.2249389
0.2083012
0.2134213
0.1689824
0.12069
0.1164503
0.1590627
0.1604765
0.1374384
0.1817399
0.1237759
0.1677152
0.1841805
0.2380711
0.1711857
0.1695782
0.2067671
0.1812657
0.147173
0.2223746
0.2436763
0.229386
0.1433655
0.1965352
0.2196496
0.1960574
0.2666273
0.180506
0.1583709
0.1635602
0.1620288
0.205277
0.1691549
0.2353305
0.2055744
0.1737977
0.1364509
0.1349325
0.1676085
0.1302574
0.2143128
0.174518
0.2245644
0.1593051
0.1654637
0.2223075
0.1859541
0.209405
0.195136
0.1999875
0.2379729
0.1795944
0.2167854
0.1995435
0.1635194
0.1740933
0.1864428
0.1933139
0.1642202
0.1772271
0.1837511
0.1360793
0.1241049
0.1533381
0.2315756
0.1858351
0.2697094
0.1479959
0.1866342
0.1789056
0.2437011
0.2236552
0.2411807
0.2375993
0.2600395
0.2094673
0.2359476
0.2240866
0.2880883
0.1856394
0.1699566
0.1195554
0.142805
0.155798
0.139558
0.1302126
0.1308336
0.1493353
0.1385738
0.1689599
0.1223618
0.1453173
0.1470981
0.1782976
0.216867
0.2339453
0.1958735
0.1417887
0.1704745
0.2405772
0.2307463
0.1834469
0.1499148
0.1961618
0.1282068
0.173104
0.1569063
0.1967557
0.3121489
0.2488444
0.2207602
0.1976942
0.2663527
0.1942269
0.3063585
0.2679841
0.2236372
0.197117
0.1711161
0.2345118
0.1962556
0.2378806
0.2301176
0.2653382
0.2446584
0.1827413
0.2092361
0.2174579
0.1917127
0.008450013
0.01014354
0.00969637
0.009468619
0.0103489
0.01180101
0.01336698
0.01336633
0.01508146
0.01592476
0.01600476
0.01733248
0.01833011
0.01838316
0.02165991
0.02275999
0.02344189
0.02265001
0.02364803
0.02186519
0.02524638
0.02512332
0.0274209
0.02740673
0.03097958
0.03172206
0.02899131
0.02919534
0.02882718
0.02906691
0.03067855
0.02852462
0.03175635
0.03209483
0.03279163
0.03023305
0.03265235
0.03718565
0.03288949
0.03074354
0.0318275
0.03382644
0.03420982
0.03603402
0.03288051
0.02992763
0.03110105
0.03311571
0.03747417
0.03290919
0.03572573
0.03656085
0.03353229
0.03598273
0.03332232
0.03588655
0.0353459
0.03246855
0.0348987
0.03292161
0.03618436
0.03452978
0.03302558
0.03367146
0.03384075
0.03090789
0.03162303
0.03543784
0.03605247
0.03723919
0.03501955
0.03242603
0.03509025
0.03402531
0.03383425
0.03455703
0.03307645
0.03195138
0.03186587
0.03065862
0.03000706
0.03113341
0.03000411
0.03017886
0.03101535
0.02984112
0.03090682
0.03303373
0.03166498
0.03018263
0.02837875
0.02797332
0.02717393
0.02934558
0.03047155
0.03169779
0.02791024
0.02871912
0.0270661
0.02671333
0.0297748
0.02674703
0.02800871
0.02788853
0.0286198
0.03013622
0.0274193
0.02801525
0.02991376
0.02837662
0.02911717
0.02926365
0.02737332
0.0270934
0.02754992
0.02909486
0.02868041
0.02742269
0.02808808
0.02694168
0.03107944
0.02825375
0.02863981
0.02721423
0.02752262
0.02711395
0.02793108
0.02953967
0.02865301
0.02596053
0.03075352
0.02762005
0.03173329
0.03141808
0.03225895
0.0333357
0.03388449
0.03142872
0.0317233
0.03304247
0.03529718
0.03794469
0.0325314
0.03432113
0.03693945
0.03762305
0.03698025
0.03738711
0.03976675
0.03943573
0.04001884
0.03407424
0.03716483
0.03322243
0.03338861
0.03278576
0.03442854
0.03382354
0.03688047
0.03358407
0.03339025
0.0318562
0.0325166
0.03353374
0.0331621
0.03343329
0.03364434
0.030319
0.03017889
0.03031517
0.03153774
0.02910053
0.03112695
0.03399791
0.03462515
0.03529361
0.0333563
0.0325369
0.03590373
0.03423996
0.03393683
0.03873804
0.0363638
0.03571051
0.03664165
0.03262313
0.03555844
0.03432
0.03622648
0.03448123
0.03364507
0.03169877
0.03297799
0.03577042
0.03179606
0.0368648
0.03361054
0.03413561
0.03720388
0.03510054
0.03358785
0.03243708
0.03332305
0.03316032
0.03215281
0.03138293
0.03591038
0.03542333
0.03269066
0.03272742
0.03322771
0.03355204
0.03446698
0.03430148
0.03490663
0.03010465
0.03023489
0.0311426
0.0292844
0.03178976
0.03165358
0.03004314
0.03040345
0.02911594
0.03100088
0.02932317
0.02970721
0.03243451
0.03173575
0.03235691
0.03534731
0.02903904
0.02957815
0.03034236
0.02991604
0.0284425
0.02889412
0.02857184
0.02849475
0.02760295
0.03221956
0.02901879
0.02886739
0.02777132
0.02610168
0.02725698
0.02958446
0.02810437
0.0307399
0.02861697
0.02613334
0.02785953
0.02984003
0.02735826
0.02777181
0.03018381
0.03123132
0.0312006
0.0309043
0.02999599
0.03205009
0.03224068
0.03360667
0.03278593
0.03273138
0.03375391
0.03211548
0.03345542
0.0329341
0.03410964
0.03662816
0.03357025
0.03280829
0.03620664
0.03489312
0.03401882
0.0342234
0.03485106
0.03459722
0.03552473
0.03866897
0.03477529
0.03570853
0.03327687
0.03481484
0.03785367
0.03604501
0.03776402
0.03699009
0.03641115
0.03629864
0.03288739
0.03449436
0.03580589
0.03521586
0.03588919
0.0350359
0.03149661
0.03268078
0.03179597
0.03245341
0.03171556
0.03201933
0.03254638
0.03066611
0.03303971
0.03211503
0.03127523
0.03295226
0.02827324
0.02845583
0.02956128
0.02880629
0.03075718
0.03205395
0.0316765
0.03133288
0.03036923
0.02913431
0.02975812
0.02802147
0.02713411
0.02754056
0.02662387
0.02847156
0.0326083
0.03459512
0.03381156
0.03713282
0.03383095
0.03247029
0.03436708
0.03132834
0.03163786
0.03409843
0.03240631
0.03274402
0.03409231
0.03169845
0.03479501
0.0330114
0.03354258
0.03658963
0.03603785
0.03533162
0.03532009
0.03313872
0.03374293
0.03459796
0.03393522
0.03512083
0.03707592
0.03670789
0.03574491
0.03620314
0.03401399
0.03551876
0.03476551
0.03284367
0.03667408
0.0343224
0.03853386
0.04064014
0.03768889
0.03695882
0.03743229
0.0415092
0.03515139
0.03894763
0.03720755
0.04140526
0.04208566
0.03930559
0.03709231
0.04203433
0.03882909
0.04501802
0.04155741
0.04086494
0.04248381
0.04258204
0.0436097
0.04895659
0.04628132
0.0429468
0.03855216
0.04668899
0.0439205
0.04092578
0.04464193
0.04533868
0.0438818
0.04169295
0.03806899
0.03653011
0.04009679
0.04322226
0.03866439
0.0396954
0.04091713
0.03810981
0.03440574
0.03468272
0.03584923
0.03480249
0.03445674
0.03399538
0.03324113
0.03108752
0.03132493
0.03496721
0.03330767
0.03670681
0.03453656
0.03428794
0.03290985
0.03233568
0.03178617
0.03269363
0.02999296
0.02941943
0.02944039
0.0271729
0.02893247
0.03187235
0.03018576
0.03158258
0.0311531
0.03171916
0.03130432
0.0329759
0.03169038
0.02897124
0.02919237
0.02831301
0.02993125
0.03261943
0.03028239
0.02908983
0.02944615
0.02911653
0.03181323
0.02989027
0.03135655
0.03039851
0.02849627
0.03268617
0.03403017
0.0311513
0.02949513
0.02955697
0.02984925
0.02990871
0.03064669
0.02649451
0.02826866
0.02842532
0.02648193
0.0280332
0.02883636
0.03008713
0.03195139
0.02844268
0.02755799
0.03129592
0.03087946
0.03215314
0.02997721
0.03234831
0.03083574
0.03362438
0.031235
0.02891101
0.03017094
0.02929574
0.03015183
0.03064464
0.0325402
0.03178217
0.03436637
0.03290643
0.03142951
0.03066651
0.0309854
0.03020559
0.02946694
0.03221279
0.03136887
0.03241994
0.03110914
0.03042022
0.02955499
0.02748514
0.02841887
0.02521983
0.02507787
0.02477464
0.02412369
0.02180869
0.02497949
0.02641903
0.02550381
0.02687559
0.02587488
0.02580617
0.02530769
0.02743256
0.02848297
0.02672682
0.02617992
0.02734334
0.02788646
0.02780914
0.02736443
0.02928404
0.02660876
0.02542772
0.02371828
0.02738558
0.02375508
0.02670377
0.0261626
0.02562178
0.02709859
0.02805488
0.02892339
0.02683398
0.03014594
0.02754336
0.0294917
0.02922452
0.02640496
0.02809356
0.02860111
0.02928025
0.03122599
0.03160385
0.03015431
0.03036846
0.03116253
0.03173204
0.0300497
0.0297206
0.03142767
0.02841091
0.02952374
0.0298657
0.02830446
0.02978574
0.0276617
0.02847365
0.02864737
0.02740837
0.02665591
0.02652187
0.0269332
0.02715784
0.02809943
0.02803032
0.02623796
0.02482909
0.02624194
0.02683624
0.02924337
0.02791208
0.02831547
0.02878222
0.02938157
0.02696326
0.02920325
0.02651683
0.0272629
0.028736
0.0297256
0.02611404
0.02647508
0.02813424
0.02870929
0.02761793
0.0267247
0.02702364
0.02855138
0.02948336
0.03043928
0.02983907
0.02986656
0.02724075
0.02743059
0.02900422
0.02997551
0.02948365
0.02893395
0.03092357
0.02920172
0.03314351
0.02937792
0.02925632
0.02739159
0.02909914
0.02455631
0.02666671
0.02657599
0.02805074
0.02681635
0.02710195
0.02615634
0.0254965
0.02432377
0.0266546
0.02860813
0.02801821
0.03063557
0.02919142
0.02727868
0.027399
0.02710723
0.0286642
0.0269255
0.02602945
0.02598918
0.02765996
0.0276565
0.02528499
0.02591347
0.02537057
0.02428472
0.02435773
0.02532742
0.02400389
0.02350682
0.02275077
0.02562759
0.02591585
0.02699674
0.02828358
0.02723974
0.03076494
0.03114883
0.02994506
0.02910946
0.02912419
0.0294313
0.02642842
0.02817212
0.02863669
0.02781395
0.03057765
0.0333119
0.03323846
0.03275064
0.03172322
0.03574534
0.03437623
0.03393136
0.03667742
0.03384004
0.03333726
0.03935586
0.04005514
0.03636169
0.03744183
0.03987741
0.03551896
0.04237602
0.04137958
0.04109035
0.0428848
0.04337369
0.04201577
0.04544886
0.04028339
0.04342622
0.04177523
0.04123819
0.04285135
0.03793314
0.03842171
0.03706179
0.03683826
0.04072221
0.04096594
0.04174001
0.04367564
0.04035385
0.0428529
0.04064094
0.04207585
0.04152669
0.04036894
0.04254622
0.04377161
0.0472655
0.04126293
0.04492846
0.04747019
0.04668862
0.04180266
0.04560858
0.04457469
0.04545615
0.04345417
0.04510287
0.04781086
0.04889051
0.04641675
0.0439188
0.04549161
0.04372548
0.04672421
0.04981618
0.04633772
0.04745104
0.04903576
0.04685855
0.04865901
0.04454346
0.04957214
0.04680529
0.05055879
0.04584741
0.04648074
0.04773846
0.04390082
0.04357143
0.0436092
0.04487198
0.04365867
0.04266187
0.03846293
0.04246891
0.04130728
0.03853386
0.03849741
0.04176438
0.04233852
0.04582022
0.04477998
0.04846966
0.0493741
0.05140236
0.0481
0.04548493
0.04785775
0.04681813
0.04786907
0.04911282
0.04773439
0.04876288
0.04414592
0.04568025
0.047115
0.04698421
0.05058612
0.0500149
0.05009234
0.05058941
0.04559641
0.04887122
0.0490668
0.0434216
0.04555772
0.04766492
0.04493473
0.04499764
0.04398737
0.04395056
0.04298333
0.04314208
0.04360142
0.0420075
0.04165572
0.03961104
0.04194863
0.0417103
0.0412022
0.04225446
0.03772016
0.04196661
0.03877825
0.03587077
0.03749881
0.03941889
0.03679737
0.03632194
0.04165677
0.04277592
0.04025697
0.03656926
0.04387695
0.03904797
0.0387597
0.04054791
0.03517517
0.03385388
0.03516062
0.03581132
0.03574699
0.03662363
0.03486852
0.03690988
0.03789173
0.03865625
0.04118851
0.03754503
0.03878763
0.03607218
0.03661947
0.03403389
0.0383168
0.03755126
0.03567451
0.03795749
0.04086814
0.03584297
0.03438045
0.03393005
0.0343454
0.03475632
0.03696531
0.03868554
0.03683244
0.03841302
0.03510587
0.03712574
0.03768811
0.03725657
0.03561848
0.03543691
0.03376538
0.03750418
0.03390056
0.03484051
0.033753
0.03650132
0.03644462
0.03954669
0.03847296
0.03787768
0.03532154
0.03473025
0.03627659
0.03354192
0.03494753
0.03780588
0.03670993
0.03441047
0.03649914
0.03921593
0.03538897
0.03359734
0.03375876
0.03357413
0.03413506
0.03847119
0.03732673
0.03497504
0.0371781
0.0359147
0.03383127
0.03730552
0.03509724
0.03832082
0.0362106
0.03756686
0.04112162
0.03914037
0.04206252
0.04347668
0.0442
0.04063337
0.03822444
0.0405202
0.0370012
0.03704829
0.03604517
0.03440211
0.03724053
0.03638167
0.03565618
0.04098313
0.03717882
0.03492432
0.03660181
0.03495661
0.03205373
0.03509346
0.03230663
0.03441738
0.03627367
0.03163435
0.03376425
0.03703078
0.03493391
0.03792925
0.03669846
0.03410258
0.03223037
0.03128955
0.02799995
0.02907368
0.02955396
0.0302366
0.02862116
0.02948237
0.03049895
0.03212031
0.0320749
0.031641
0.03252894
0.03420466
0.03580514
0.03266656
0.03244907
0.03306261
0.03180728
0.03106543
0.03650588
0.03377637
0.03719982
0.032857
0.03883423
0.04030788
0.03932066
0.03555216
0.03637501
0.03218224
0.0355708
0.03585127
0.03515174
0.03436088
0.03439869
0.03542044
0.03310874
0.03322151
0.03229084
0.03030169
0.03050305
0.03152517
0.02986897
0.03170733
0.03336085
0.03624669
0.03337624
0.03351444
0.03101051
0.03250636
0.03113467
0.03101271
0.02842722
0.03337186
0.03302948
0.03281732
0.03450076
0.03183753
0.03227415
0.0329146
0.03163798
0.03143686
0.03391214
0.03496196
0.03388616
0.03372054
0.03719453
0.03440662
0.03223268
0.03021221
0.03269614
0.03319475
0.03498532
0.03280118
0.03357475
0.0340226
0.03291964
0.03533715
0.03401078
0.03555652
0.03162585
0.03233059
0.03070422
0.0340056
0.03299222
0.03455747
0.03227327
0.03295397
0.03143926
0.03286885
0.03234004
0.02688161
0.03297318
0.02999425
0.03303258
0.03100994
0.03368916
0.03057259
0.03083141
0.03166607
0.03486441
0.03253155
0.03382238
0.03503831
0.03535488
0.03717296
0.03385529
0.03292158
0.03279546
0.03596531
0.03464042
0.0358287
0.03800894
0.03447672
0.03532637
0.03968654
0.03918109
0.03846987
0.03507512
0.03619407
0.03838196
0.03788921
0.03883718
0.03931995
0.04062397
0.03942483
0.04004058
0.04239668
0.04403007
0.04698956
0.04087659
0.0396268
0.03676803
0.03610164
0.03211109
0.03694296
0.0364453
0.03312589
0.03415877
0.03542739
0.03796603
0.03966623
0.04022407
0.03772881
0.04215512
0.0378824
0.03853691
0.03792224
0.04177463
0.03889089
0.04057615
0.04084109
0.03891012
0.04206827
0.03964947
0.04033914
0.03893596
0.04023948
0.03919431
0.04249679
0.04133874
0.04046232
0.0396233
0.04373987
0.04274574
0.04428418
0.04061611
0.03983941
0.04106623
0.04466749
0.04201505
0.04150631
0.04277614
0.04277852
0.04787933
0.04299886
0.0461538
0.04856024
0.04547115
0.04563502
0.04291394
0.04708314
0.0442418
0.04503404
0.04060496
0.04267657
0.04188724
0.04449293
0.0443162
0.05322578
0.04754432
0.0496823
0.04989863
0.04337683
0.04686134
0.05011748
0.04410406
0.04725094
0.04726065
0.04639076
0.04300758
0.04352943
0.04420779
0.04473445
0.04638879
0.04713737
0.04749758
0.04369878
0.04393338
0.04378662
0.04736682
0.0424371
0.04440371
0.04218201
0.04599615
0.04435557
0.04513283
0.04618965
0.04737586
0.04534927
0.04413428
0.04699828
0.0453222
0.04736958
0.04735571
0.04727065
0.04708578
0.04609196
0.04826226
0.04867408
0.04611064
0.04331564
0.04823735
0.0479066
0.04703075
0.04481705
0.04534141
0.04629324
0.04245091
0.04605498
0.04590186
0.04651409
0.0468825
0.04841747
0.04837703
0.0469648
0.04497257
0.04419033
0.04321336
0.04073781
0.04156701
0.04269999
0.04486737
0.04430462
0.04736052
0.04569922
0.04228319
0.04728377
0.04779568
0.04761754
0.0468381
0.04468734
0.04841265
0.04553166
0.04626484
0.04686444
0.0441486
0.04522488
0.0433078
0.04694629
0.04027981
0.04464493
0.04504652
0.04882785
0.04658997
0.04716064
0.04905755
0.05119408
0.04787811
0.04381295
0.04981789
0.04867939
0.04610343
0.04630233
0.04456493
0.04323217
0.04866802
0.04364069
0.04968298
0.05140882
0.0484546
0.04512415
0.04794663
0.04649017
0.0479081
0.04885902
0.04967508
0.04807129
0.04746271
0.04870421
0.04717151
0.05128309
0.04600068
0.04527353
0.04417013
0.04803821
0.052426
0.04467296
0.04692452
0.04916559
0.04711296
0.05299233
0.05142395
0.04921678
0.0482315
0.04960751
0.04558793
0.04565707
0.04596273
0.0436148
0.04615725
0.0451447
0.04527686
0.0428332
0.04524515
0.04214934
0.03907232
0.03938076
0.0431543
0.03964246
0.03956942
0.04149047
0.04020155
0.04354859
0.0390656
0.04162577
0.04582767
0.04028052
0.04356948
0.04062037
0.03916337
0.03992043
0.03633018
0.03734243
0.03285612
0.03566354
0.0350832
0.03329364
0.03380024
0.03624419
0.03484402
0.03781771
0.03608121
0.03303149
0.03448115
0.03383397
0.0341687
0.03354869
0.03296127
0.03355256
0.03677021
0.03355216
0.03619727
0.03343984
0.03607678
0.03915909
0.03723184
0.03888714
0.03720381
0.04151907
0.03781133
0.03566658
0.03865254
0.03591116
0.03695435
0.03582534
0.03723747
0.03650903
0.03511787
0.03644653
0.03419731
0.03693845
0.03699859
0.03383473
0.03581403
0.03480133
0.03671049
0.03537452
0.03320917
0.03318796
0.03574967
0.03157357
0.03266407
0.03249604
0.03232543
0.0331582
0.0326816
0.03376706
0.03407159
0.0339683
0.03522547
0.03351685
0.0358678
0.03594378
0.03415342
0.03497192
0.03373069
0.036407
0.03371749
0.03274558
0.03663021
0.03600882
0.03678648
0.03674091
0.03607503
0.03777942
0.03580048
0.03821224
0.03481279
0.03396991
0.03508574
0.03813646
0.0345775
0.03719075
0.0378054
0.03628651
0.04104881
0.03695329
0.03699738
0.03696691
0.03589451
0.03535275
0.0336644
0.0343187
0.03439409
0.03058455
0.03391144
0.03200371
0.03125833
0.03123505
0.03002127
0.03088724
0.03258686
0.03020877
0.03275592
0.03198364
0.03134151
0.03006457
0.03009778
0.03047684
0.02871676
0.03353655
0.03070341
0.03093161
0.02798155
0.03012466
0.02751487
0.02737473
0.02579009
0.03246597
0.02776313
0.02529142
0.03060157
0.02684001
0.02832371
0.02871088
0.03073291
0.03189264
0.03250127
0.03441585
0.03115044
0.03266612
0.03656304
0.03740259
0.03492219
0.03782811
0.03830954
0.04057463
0.04148879
0.0372795
0.03674608
0.0348245
0.0350938
0.0381426
0.03729663
0.03552198
0.03225072
0.03306006
0.03343145
0.02919485
0.03042141
0.0314454
0.03134086
0.02918988
0.02927397
0.02793864
0.02810271
0.03290281
0.03410073
0.03056831
0.03455073
0.0305766
0.02932402
0.03090329
0.03210896
0.0280069
0.02838585
0.03129752
0.02994828
0.02922278
0.02889057
0.02737815
0.03064529
0.03186789
0.02841544
0.02922045
0.03022547
0.03334138
0.02986302
0.03116098
0.02784043
0.02952344
0.03013564
0.02998074
0.02978173
0.03038138
0.03115772
0.032847
0.03549386
0.03375279
0.03637351
0.03751335
0.03403379
0.03446202
0.03232543
0.03184489
0.03072505
0.03147274
0.03342433
0.03485054
0.03373643
0.02991306
0.03007417
0.03046068
0.03160739
0.02961319
0.032683
0.03184502
0.03331651
0.03195144
0.03184295
0.03372693
0.03276025
0.03143357
0.03266554
0.02983754
0.03004069
0.03110175
0.02958292
0.03328244
0.03465127
0.03391132
0.03327385
0.03317587
0.03512145
0.03303873
0.03077679
0.03393027
0.03284567
0.03393359
0.03452133
0.03287606
0.03217945
0.0325793
0.03075364
0.03314569
0.03204774
0.03397778
0.03330316
0.03140122
0.03074409
0.03040059
0.03079688
0.0338372
0.02920735
0.02897059
0.03497637
0.03421987
0.0321817
0.03415721
0.03175015
0.03221229
0.03008143
0.03102306
0.03173268
0.03065433
0.03057415
0.03124093
0.03208274
0.03198196
0.03197231
0.03226294
0.03486726
0.03385118
0.03407561
0.0344954
0.03669264
0.0344751
0.03305383
0.03446283
0.03453718
0.03168845
0.03413741
0.03402426
0.03343431
0.03476678
0.03274741
0.03464365
0.03219296
0.03559509
0.03191212
0.03396593
0.03012974
0.03398783
0.03391685
0.03130758
0.03262356
0.03122918
0.03552071
0.03442106
0.03696067
0.03502876
0.03368964
0.03582985
0.03381085
0.03404812
0.03700392
0.03674618
0.03474045
0.03803249
0.03796794
0.03518428
0.03667569
0.03557283
