9.37415
2.726667
2.367944
1.857642
1.851125
2.491316
1.977613
1.526137
1.565721
1.153729
1.378676
1.226314
1.554588
1.759952
1.259962
1.064523
0.8137569
0.7152277
0.8201711
0.7024018
0.7471754
0.5044132
0.6605678
0.7428541
0.895236
0.8733799
0.6583164
0.8068738
0.5522911
0.8544719
0.5439289
0.5896703
0.5395781
0.673582
0.7138016
0.936027
0.5902252
1.188565
0.9353461
0.6478693
0.6731086
0.7309611
0.5928008
0.7145993
0.5249156
0.5695712
0.7758968
0.7859483
0.7660797
0.5656291
0.8361382
0.4952167
0.5422373
0.7425408
0.7837256
0.8120886
0.5445691
0.504392
0.557515
0.7470706
0.5729266
0.4968885
0.4674985
0.5531322
0.5636691
0.7390154
0.6883819
0.8160959
0.5508472
0.726761
0.7761256
0.6949794
0.9583917
0.9319191
1.096508
0.8516141
0.8532006
0.6804477
0.5993973
0.7846596
0.6913791
0.7847051
0.9021145
0.7953606
0.7554624
0.8452978
1.111055
0.8343341
0.6033742
0.9231256
0.6825883
0.6502324
0.9200391
0.7918163
0.7488234
0.8642303
0.9314473
1.021991
0.8732731
0.9473579
0.747457
0.7064161
0.7779965
0.8910739
1.051079
0.9623469
0.8864537
0.7897444
0.8134365
0.9753922
0.7460389
0.727877
0.7845212
0.5928918
0.9893654
0.9041217
0.9777979
0.818594
0.8518433
1.24404
0.9530705
0.6575219
0.6986961
0.8151929
0.508138
0.8609901
0.8007529
0.7438114
0.7505664
0.9097972
0.619498
0.742892
0.8406244
0.6341464
0.7719073
0.715977
0.5520104
0.8650412
0.6848076
0.7232614
0.9597506
0.6813832
0.7597568
0.9018857
0.7953079
0.8028
1.049499
0.9666763
0.9423136
1.244361
1.278792
1.134179
0.8691479
1.206705
1.397901
1.39641
0.8005388
0.8080558
0.7913195
1.107731
1.131126
1.053859
1.064232
1.190386
1.053095
1.137825
1.653608
1.080335
1.205745
1.131159
1.776602
1.211008
1.091493
1.825881
1.422108
1.359328
1.133625
1.316205
1.173674
0.8991809
0.8423543
0.7242267
1.215837
0.8158219
0.8089539
0.6433213
0.7931348
0.7442802
0.7899037
0.9216136
0.6488478
0.7793991
0.9166951
0.8732603
0.7547182
0.8470822
0.7324748
0.6630721
0.8617895
0.94901
1.383835
1.39408
0.9421702
0.8201777
0.878339
1.041804
0.9940611
1.367013
1.213531
0.7697278
1.190377
1.017635
0.8840794
0.9583177
1.084738
1.078695
1.035477
0.8597456
0.9159167
0.7813221
0.5952834
0.6557283
0.6940995
0.7464323
0.7315713
0.8501804
1.001852
1.025192
1.610304
0.7500769
0.7658177
0.6068041
0.513412
0.5525733
0.4778949
0.7028788
0.8094864
0.7696338
0.7099851
0.8876638
1.062674
0.8591639
0.7214879
1.130441
1.119324
1.061878
1.504225
1.213878
1.057124
1.544505
0.8774901
1.059705
1.278084
0.7235265
1.069153
1.288161
1.438789
0.9260375
1.183848
0.7981268
0.8673409
1.185135
0.8611168
0.8593494
0.9386785
0.7198612
0.7418097
0.7315297
0.5865763
0.8536222
0.8636636
0.8639499
0.812012
0.6667215
0.8169756
0.8034933
0.7367683
0.7624741
0.9271539
0.6235269
0.9234528
0.8074375
0.9942373
0.9636873
0.7647849
1.182299
0.9136378
1.221135
0.9762582
1.328609
0.9294331
0.990017
1.185012
1.093106
0.9515522
0.7940023
0.8015179
1.408284
0.8459801
0.8862814
0.9539246
1.263178
0.9753252
0.8406466
0.677689
1.090315
0.5460173
0.5676234
0.9139501
0.9961426
0.7992867
0.9130506
0.7865416
0.819104
1.142826
0.7417939
0.7786264
0.7443052
0.7915086
0.8526389
0.9676796
0.8287584
0.7769662
0.9382659
1.13108
1.247915
1.063793
1.017773
0.9346362
0.6995832
0.7340021
0.738522
0.8292075
0.7777431
0.9633784
0.8468251
1.059415
0.6564486
0.6858619
1.270605
0.6687402
0.7976268
0.8382765
0.9289598
0.9597613
1.047726
0.9121784
0.7737328
0.7615595
0.9448588
0.7550622
0.626612
0.7716656
0.9499098
1.08769
1.108023
0.9637047
0.6591551
0.624082
0.6510668
0.8981578
0.8143224
1.046569
0.7541887
0.8527259
1.047566
0.7885978
0.9278328
0.9991189
0.6598042
0.7744313
0.856945
0.9854546
1.046371
0.6897082
0.8203297
0.8372951
1.394885
1.114173
0.9926189
1.063643
1.112881
1.558146
0.9523945
1.131815
0.638602
1.192506
0.7773179
0.8991001
0.7271689
0.6469036
0.7474586
0.982772
0.9842021
1.264728
0.8391659
1.136767
0.9230416
0.7031001
0.8063727
0.9403954
0.9759002
1.376794
0.8109078
1.334938
1.10408
1.335927
1.336852
0.8914615
1.071413
0.7967676
1.123963
0.9529541
0.8404753
1.493443
0.9594312
1.186014
1.380954
1.388616
1.101218
1.174291
1.290763
1.217351
0.9820277
1.618483
0.8506941
0.8975789
1.028405
0.829781
0.9339428
0.8503665
0.9404814
1.363471
0.8621548
0.9252917
1.082459
1.077669
0.9171976
1.289361
1.226816
1.026715
0.8589988
0.8610362
1.328729
1.035485
1.114494
0.9315559
0.7040881
0.9104309
0.9208457
0.8127452
0.85504
0.8156363
0.6506907
1.299944
1.119143
1.206475
1.119686
1.264394
1.526965
1.281795
1.405334
1.246733
1.383307
1.008923
1.326955
1.184775
0.9032212
1.029725
0.8964217
0.8982403
0.6057116
0.787193
0.6986048
0.78766
0.8391802
0.9578434
0.8648161
1.049923
0.8664665
0.8373228
1.13244
0.7774593
0.8863406
0.9474354
0.8205078
0.7636237
0.7282707
0.9170763
0.9954175
0.8838442
0.681601
0.7606213
0.7503042
0.8435984
0.9928907
0.8453025
0.9371777
1.373949
1.024364
1.314416
1.744813
0.9672135
1.52359
1.089816
1.344933
1.352453
0.781268
0.949625
0.999355
1.034412
0.9227733
1.09403
0.9934622
1.369624
1.190537
1.887125
1.005708
1.117279
0.8718672
1.065834
1.179419
1.139631
0.9958085
1.006218
1.212778
1.069601
1.641576
1.652671
1.1637
0.9627462
0.9580204
1.230282
1.138371
1.515896
1.406712
1.176741
1.203592
1.283596
1.38201
1.082855
0.7346211
1.064432
1.333624
1.039978
1.092255
0.7616168
1.007214
0.8414387
1.322159
1.399858
1.105006
1.003171
0.9835891
1.117057
0.8988738
0.8154331
0.7523496
0.950729
0.942795
1.191538
1.42653
1.13995
1.202937
1.426431
0.7838451
0.8428382
0.9645906
1.126996
1.239986
1.256649
1.312395
0.9906758
1.031051
0.8822841
1.221409
0.8332481
0.7297456
0.7592804
0.8567985
0.6805768
0.4492667
0.6342433
0.7526264
0.6969649
0.8810089
0.7838364
0.9540928
0.7289788
0.8448996
0.8942687
0.8034292
1.095767
0.9410159
0.9578057
0.9027433
1.250119
1.494345
1.081283
0.9607798
1.122108
0.7682368
0.7488788
1.052589
1.044441
0.6386468
1.004882
1.294894
0.8422256
0.6584576
0.9561855
0.9327695
0.8076423
0.5210441
0.6479825
0.4293015
0.6713134
0.6694828
0.5182031
0.6180081
0.6048051
0.7999579
0.6083257
0.7090317
0.6399984
0.5588664
0.8374014
0.8207042
0.8344822
0.9976421
0.9396338
0.7730038
0.7726484
0.8113538
1.016618
0.8483832
0.8363941
0.7274079
0.6908166
0.925332
0.6872112
0.5737031
0.6192425
0.6043369
0.5309944
0.6372279
0.7370366
0.6016295
0.9323214
0.897794
0.8763745
0.8116036
1.172939
0.9680855
1.004983
0.9790013
0.930435
0.7370435
0.9085589
0.6456247
0.6762625
0.7919726
0.7538619
0.4494693
0.548472
0.7821539
0.6078201
0.67692
0.6247447
0.6177149
0.7930712
0.8952477
0.6450926
1.051317
0.6367358
0.8401116
0.6800831
0.8397743
0.9025789
0.8063547
1.419545
0.6968107
0.7730632
0.8279601
1.064945
0.8722874
1.562048
0.973172
1.181
0.9049273
0.9698986
0.8580833
1.046816
0.7163952
1.284073
1.180629
1.247968
1.130234
0.9123122
0.9469191
1.148796
1.302038
1.491321
1.231956
1.278029
1.095305
1.135287
1.008199
0.8975085
1.234244
0.9603404
0.7508478
1.212437
0.7685818
0.9026314
0.9934859
0.7757314
0.8004261
1.072718
0.7895361
0.8032849
0.6294591
0.704868
0.7220325
0.623376
0.7961478
0.8823473
1.036297
0.6512766
0.8514588
0.7474045
0.917428
0.8747059
0.7231547
0.6939206
0.5766637
0.5123839
0.7803364
0.630217
0.7475907
0.5284236
0.6591551
0.634237
0.6024523
0.8983448
0.7526396
0.6756601
1.141544
0.9814995
1.254495
1.326542
1.132049
0.7574693
1.237442
1.018126
0.9108919
0.9401972
1.209869
1.303161
1.263158
1.113177
1.160167
1.275896
1.056968
1.473706
1.254862
1.027716
0.967179
1.140085
0.6214842
0.803096
1.033112
1.216557
0.6596314
0.8368584
0.8469367
0.8621554
0.7060909
0.9236303
0.7489499
0.9531134
0.9467169
1.086153
0.8828182
0.8282566
0.795754
0.63632
0.7920241
0.674351
1.126968
1.000807
0.9484475
0.7588331
0.838745
0.5665763
0.584885
0.9145528
1.004218
0.7677546
0.8786897
1.062775
1.062833
0.5972031
0.6799412
0.5882471
1.346735
1.051883
0.9376601
0.7525516
0.7720434
1.217597
0.9073013
0.8747016
0.7448824
0.5389404
0.5089171
0.6529736
0.9257933
0.8310828
0.7725518
0.8652298
0.8760349
0.5759889
0.7947609
0.7914585
0.6605907
0.7522352
0.4969262
0.4566747
0.6008388
0.4925259
0.7709665
0.5809433
0.7611618
0.5768499
0.6785136
0.6945334
0.6588258
0.760825
0.7773778
0.555882
0.5738207
1.074373
0.8940654
0.8423159
1.002284
0.8777168
0.8609754
0.958446
1.159335
0.7873202
0.8101094
1.242401
1.194325
1.037347
0.8653078
0.7670424
0.7801184
1.210505
0.8477249
0.8847134
0.7640733
0.8451996
0.705188
0.7471251
1.157642
0.9225436
1.173643
0.9303035
0.8274856
0.9903957
0.6686067
0.9145735
0.678264
0.7069607
0.8305079
0.8491621
1.397227
0.8278504
0.8293331
0.8254601
0.618241
0.9036876
1.039065
1.387096
0.7955259
0.8267838
0.9352929
0.7345347
1.018269
0.9341578
1.113454
0.7244666
0.8149754
1.03515
0.9046264
1.18968
0.9857151
1.075239
0.9384802
0.9881192
1.262427
0.9873497
0.8353681
0.9423951
1.152849
0.7976817
1.336562
0.7569704
1.003471
0.966134
1.066767
0.9728481
0.8685292
1.17334
1.22602
1.111018
0.8422712
1.048821
0.7886805
0.7302906
0.7207916
0.6670539
0.8451297
0.920224
0.7859221
0.9680682
0.8413142
0.8792015
1.031718
0.8536522
0.8946029
1.081413
0.9769577
1.110128
1.249914
1.298994
1.389324
1.277239
1.183317
1.343156
0.896256
1.189541
1.137007
1.151279
1.067788
0.8780046
0.9915402
0.9825631
1.03922
0.7814504
0.8261218
0.6446704
0.5855388
0.6838367
0.8729897
0.7977698
0.8562283
0.5849815
0.7497065
0.9223601
0.8298922
0.6505015
1.124211
0.5656226
0.8584975
0.8180296
0.9660098
0.8984711
0.6861331
0.7126911
0.8303274
0.9265749
0.9710887
1.079238
0.8951652
0.8699283
0.909634
1.087892
0.9166896
1.099868
0.8342896
0.8248047
1.004302
1.367758
1.157369
0.9757213
1.116352
0.9129857
1.032197
1.265467
1.192362
0.9138726
1.08073
1.445333
0.9102753
1.080991
1.110753
1.065989
0.925087
1.495037
1.161776
1.274678
1.298025
1.126534
1.373597
1.523507
1.367298
1.162851
1.259048
1.344042
1.248081
1.001058
1.118445
1.210464
1.161252
1.148488
0.8403202
0.8873726
0.9747382
1.298618
0.8413643
0.9348889
1.066883
0.7646323
1.05155
1.359335
1.010579
0.8327884
1.058329
0.9430678
0.9798599
0.8641216
1.016071
0.7259844
0.7695799
1.438911
1.185337
0.9248688
0.9739944
0.8785861
0.761167
0.6813095
0.6724546
0.7741808
0.8775085
0.7126658
1.073617
1.010082
1.189809
0.9000582
1.053933
0.8298601
0.9502894
0.8091284
0.775348
0.8115516
0.72877
0.9048009
0.9065534
1.21527
1.014285
0.8460188
1.130826
1.151387
0.9826541
0.8905473
0.9755485
0.7500155
0.6355176
1.002565
0.8000275
0.7879897
1.111043
1.428558
1.577781
1.014137
1.231759
0.9795264
1.117013
0.7475051
1.00165
0.6209852
0.8706571
0.7336293
0.7776158
0.809745
0.6636475
0.7274457
0.6423958
0.7164798
1.221386
0.8883484
0.753546
1.130312
0.6661406
1.042501
1.051959
0.8563422
1.253023
1.09407
1.018662
1.539124
1.291849
1.557378
1.249483
0.8634803
1.089583
1.080249
1.230338
0.8868897
1.389651
0.9885424
1.418666
1.314074
1.968144
1.022782
0.8794856
1.221562
0.8722058
0.8785662
0.9792559
1.277062
0.8096241
0.972153
0.8440416
1.056709
0.8775991
0.831005
1.193237
1.390923
1.279752
1.18064
0.9866397
0.780212
0.9105878
0.9832367
1.128973
1.053653
1.000041
0.8232811
0.8413432
0.6693706
1.158517
0.9719936
1.571905
1.566762
0.8875808
0.8821622
0.9473064
0.5117147
0.6558744
0.8813142
0.7967409
0.6851425
1.122176
0.6062513
0.7678164
0.6590515
0.8058982
1.164967
0.8168999
0.9615047
0.8936144
1.076421
1.096345
0.9499076
0.8343634
1.145645
0.8412888
1.229427
1.47682
1.357236
1.154405
1.079967
0.6636599
0.8543985
1.154198
0.8226661
0.9834655
0.9952828
0.7898994
0.7342147
0.76241
0.655746
0.72705
0.7772258
1.023383
0.8947861
0.9553346
0.9532301
0.8776153
0.6394108
0.6411722
0.6760425
0.8860911
0.7201367
0.9619325
0.7530901
1.042878
0.7555018
1.061283
0.6724829
0.8295592
0.825756
0.9696921
1.24112
1.112023
0.7704388
0.6762993
0.8473613
0.9797867
0.7356327
0.7280556
0.7581604
0.6105258
0.9516643
0.9936444
1.079089
1.300809
0.8886389
0.7919708
1.041631
0.9499343
0.8766524
0.8364888
0.7921397
1.338418
1.519212
1.071607
1.408954
0.9950094
1.055595
1.248892
0.7191452
0.7930947
0.9346797
0.8230377
0.6852441
0.7405174
0.6002773
1.060993
0.6611908
0.7891814
0.7721481
0.585043
0.6173945
0.6190175
0.6889266
0.5901631
1.076236
1.220412
0.9961815
0.9342641
0.7934556
1.032713
1.232165
1.156507
0.9422811
0.9510491
0.6912551
0.8723321
0.6624355
0.7688964
0.6666179
0.750333
0.6177086
0.6392805
0.7002247
0.7166109
0.6628301
0.685796
1.014248
0.9746033
0.8951314
1.085644
0.8974521
0.6127697
0.7398763
0.6379582
0.8890209
0.9337318
0.6805491
1.052928
1.080855
1.492659
0.918514
0.6827395
0.8146154
0.9589755
0.6987231
0.613961
0.7238831
0.6774576
0.583859
0.7310058
1.07589
0.8982262
1.139292
1.425824
1.073609
1.418239
0.9515866
1.229176
1.052794
0.9756063
1.081591
1.202134
1.231365
1.345414
1.769289
0.77753
0.848795
1.060943
1.077107
0.9799996
1.7661
1.137483
1.164205
0.8312524
1.153015
0.7129076
1.247442
1.436203
0.8924028
0.9640153
0.7603454
0.9887218
0.8714701
0.8473129
0.885989
0.7656511
0.8885804
0.6998549
0.5841551
0.6130607
0.8603035
0.689958
0.6721428
0.8382247
0.734653
0.6419384
0.5559672
0.71973
0.7865802
0.5984293
0.6846591
0.6654362
0.8164411
0.700907
0.7693707
0.6028156
0.4918091
0.6728301
0.8172679
0.8601128
0.8881704
0.5744639
0.8720228
0.6728817
1.008496
1.280503
1.761207
0.8364861
1.164182
0.8689524
1.014793
0.88858
1.097798
0.6167233
0.8183756
0.9830544
0.8313072
0.7151694
0.7445568
1.014157
1.036239
1.22168
0.8978283
0.9052941
1.186557
0.8322947
1.306088
0.9725087
0.8665424
1.219054
0.9255197
0.688513
0.680209
1.448527
1.278268
1.149246
0.8116882
1.33572
0.7461026
1.238163
0.9651843
1.16069
1.179703
1.268064
1.06377
1.01294
0.8823992
1.033184
1.020459
1.371241
1.335813
0.9903429
1.018883
1.154517
0.8613542
0.9143534
0.8160074
1.153328
1.115978
1.485791
1.000047
0.7563967
0.9821864
0.9089917
0.7449475
0.7771427
1.02934
0.9507236
0.6613629
1.035848
1.141944
0.872144
1.083743
0.7660449
0.562299
0.6906827
0.9004576
1.292481
0.7468689
0.7586041
0.8172096
1.081308
1.104051
1.046145
0.7192912
0.8610057
1.021206
0.9420766
1.341193
1.146928
1.184163
1.196567
1.037697
0.8128557
1.008082
1.040301
0.7030023
0.8022816
1.138615
0.9211005
0.8071897
0.5951176
0.5740741
0.6221599
0.7699079
0.8946793
0.9081277
0.7019556
0.9795597
0.9803426
0.8800782
0.8840722
0.7059187
0.8804505
1.183594
0.8902468
1.285719
0.9404235
1.331696
1.002438
1.006313
0.8739583
0.8204384
0.9672047
1.075897
0.6867312
1.222022
1.153425
0.9337081
0.8200646
0.9472444
0.8560423
1.014935
1.174639
0.9781604
0.70052
0.8631415
1.068265
0.9346831
1.049161
1.074339
0.81738
0.9462408
0.5939673
0.8756138
1.017069
0.7768122
0.6587899
0.945116
0.8670007
0.9381607
1.204866
0.9871322
1.079053
0.9144989
1.127199
0.8895375
0.836099
0.7548054
0.9355821
1.227961
1.213855
1.290227
1.099328
0.8667793
0.737938
0.86414
0.5151579
0.9013373
1.08326
0.928705
1.410447
0.8968799
0.9802706
0.7770262
1.041359
1.256239
1.287918
1.159265
1.15414
1.313011
1.018198
1.919768
1.039489
0.879159
1.231224
0.9858398
0.9555274
0.8273143
1.772616
1.306821
1.031321
1.016076
0.9960807
0.8539644
0.7833052
0.9002124
0.6324014
0.5139779
0.7935486
0.629163
0.8311232
0.7438495
0.6748709
0.6186995
0.5485852
0.6964895
0.691808
0.744223
0.5115963
0.6771829
0.6455545
0.7001708
1.036032
0.7073775
0.9418669
0.9158047
1.001394
0.8006269
0.7027837
0.8404639
0.7027572
0.8627366
1.31466
1.016593
1.675063
0.8808406
0.9548121
1.043712
0.9340102
1.069368
1.140326
0.7055826
0.820254
0.6956335
1.242078
0.8647376
1.160473
0.720749
1.188065
0.9152247
0.9519061
1.687615
0.8721212
0.8556505
0.8540393
1.032619
1.160934
0.7961507
0.8675894
0.7112282
0.7989192
0.8940531
0.9436104
0.7515892
0.596795
0.7065647
0.8162845
0.8642612
0.5147453
0.7964906
0.9067338
0.8715748
0.8948786
0.768052
0.7524987
0.9112706
0.734857
0.6988515
0.6063171
0.7594684
0.7493593
0.6826756
0.813277
0.5782087
0.5989047
0.8702282
0.5459753
0.6958439
0.7920089
1.015366
1.012781
0.9666668
1.045577
0.7982781
0.5862019
0.9642282
0.8356431
0.7349161
1.143781
0.9430301
0.8641112
0.992681
1.175709
1.102963
1.005332
1.006161
0.8553067
1.022153
0.8084028
1.028282
0.8287778
0.9992823
1.1605
1.039591
0.989383
1.39634
1.070784
1.273736
1.545353
1.559729
1.132919
1.043396
0.9422349
0.9201727
0.7644692
1.033547
0.9068628
0.8702102
1.04209
0.8456873
0.78334
0.9513396
0.9879443
1.408841
1.448211
1.108129
0.8248145
0.8976871
1.261943
1.383982
1.263794
1.010675
1.409593
1.827155
2.068115
1.141589
0.9548158
1.168358
0.9794761
0.8298714
1.033766
1.372051
1.117348
1.346585
0.8601564
1.063556
0.8094601
0.5934438
0.81991
0.8134621
0.8429024
0.7785288
0.8161829
0.5828124
0.6210853
0.7357191
0.5982617
0.5669042
0.7038355
0.7120184
0.7848377
0.7321832
0.7773989
1.031328
1.099419
0.8720413
1.183817
0.8747389
1.055257
1.157729
0.7759376
0.8174723
1.203643
1.620259
1.068878
1.195962
1.019832
1.052751
0.834627
1.091041
1.094122
0.9866609
0.9055943
0.7962431
0.8920944
1.244827
0.732373
1.022075
0.7684187
0.7235317
0.872268
0.6712963
1.215255
0.5527095
0.8802784
0.5438118
0.7190243
0.7236981
0.9040477
0.9635904
0.7294863
0.7770658
0.7417731
0.5434521
1.231027
0.5941143
0.5817878
0.8525493
0.8380447
1.081336
0.8136577
0.6468522
0.7554582
0.6984485
1.020685
0.8091657
0.8657004
0.5905733
1.102767
1.024481
1.372036
1.040521
0.8692748
0.8478133
0.8620883
0.9034901
1.035839
1.174411
0.797859
1.266351
1.047163
0.6898627
0.6752266
1.038855
0.9099035
0.9591346
0.856279
0.7645533
0.839313
0.7924433
0.8758015
0.8145708
0.8655846
1.052316
0.6012794
0.6627323
0.6199033
0.9374285
0.8264588
1.123683
0.966368
0.9236529
1.160183
0.9980471
0.907408
0.9546772
0.9412393
0.9241368
0.9467691
0.8878718
0.9187711
0.8801949
0.7863336
0.9946844
0.7831577
1.145196
1.242391
0.8395438
0.7625152
0.9019504
1.002096
0.8995251
1.085495
0.7365376
0.7680951
0.8987127
0.6259939
0.5845144
1.142327
0.8868577
0.6816776
0.964791
0.7481093
0.869139
0.9454313
0.8251311
0.9892536
1.053844
0.8648897
0.8691698
0.7384472
0.7358967
0.6766452
0.9228152
0.9932246
0.7225898
0.7462791
0.8421657
0.8269758
0.6901807
0.6932002
0.9226059
0.9474258
0.9553182
1.212431
1.44141
0.9701356
0.6456242
0.6392594
0.7148307
1.290278
1.021209
0.9134844
1.000437
1.293626
1.094894
1.044273
1.437562
1.023895
1.159169
1.59067
1.171889
1.065593
1.155983
1.238813
1.176522
1.0796
0.9326851
0.939956
0.935684
0.8042006
0.9259348
0.5706882
0.9594222
1.100102
0.9585882
0.7799747
0.9627077
0.9471971
0.8431149
1.260977
1.013939
1.129801
1.149448
1.581535
1.548523
1.223404
1.520717
1.203879
1.825085
1.088963
1.367841
2.224362
1.093947
1.234434
1.23184
0.9211424
1.017133
0.7187184
1.006428
1.044475
0.8519131
0.9628186
0.682779
0.879328
0.6827909
0.6693685
0.7821162
1.210099
0.9700268
0.9280688
1.085051
1.65768
1.392284
1.347551
0.8705846
0.8686378
0.9888905
1.130138
1.160405
1.387587
1.422313
1.097987
0.9567033
1.384605
1.620325
1.040159
1.577946
1.601342
1.603838
1.213
0.9746368
1.001322
0.8752175
0.7999806
0.9105505
0.83266
1.103543
0.8693102
0.9580003
0.9853418
0.9975388
1.062743
1.185159
0.8379023
0.5210571
0.6425186
0.9118643
0.5399956
0.9029963
0.5369469
0.6793908
0.6205609
0.9042331
0.7473223
0.8552476
0.8221822
0.6420646
0.8324738
0.7790168
0.6301909
0.6646625
0.6673758
0.8977744
0.7326012
0.7478048
0.7042708
0.9897667
0.8588784
1.270149
1.00485
0.8399077
0.7934164
0.7105711
0.9377959
0.8501015
0.9035166
0.7523806
1.048971
0.7589872
0.8412908
0.8753806
1.180116
0.9652464
0.931943
0.6803402
0.7311334
0.7641875
0.4589444
0.6890473
0.5929675
0.6854445
0.8545516
0.4552642
0.5425634
0.8845637
0.7444879
0.6205575
0.6242737
0.7540194
0.8455624
0.8572795
0.8578543
0.9548202
0.973238
1.020147
0.8694528
1.33857
0.6405552
0.6810052
0.8335205
0.9411996
0.8919867
1.135367
1.039216
1.0572
1.164867
0.7317198
0.7962706
0.9352778
1.256049
0.980333
1.038817
1.055257
0.9001505
0.9023003
1.154278
1.542672
1.397374
2.120614
1.141654
1.202409
1.336259
1.23905
0.8602733
0.7828408
0.9439387
1.418609
1.327907
1.121467
1.160969
0.9656578
0.8288911
0.9101489
0.650944
0.6459694
0.5819612
0.8437256
1.317132
1.133981
0.8183087
0.9875742
0.7015011
1.194416
0.9982041
1.188699
1.078658
0.7318244
0.9142045
0.8151056
0.8266132
0.8579176
1.07186
0.8563923
0.8926575
0.9489025
1.04695
1.158933
0.9092726
1.085786
1.2489
0.7953896
0.8065999
0.6949001
0.9200294
0.7581825
0.7791898
0.8895936
0.6124219
0.6522356
1.064405
0.8113045
0.8731363
0.7013463
0.8902193
1.434892
0.9548955
0.9416506
0.7484298
0.9352443
1.132244
1.018291
1.34389
1.097644
0.9312092
0.8568269
1.03863
0.9579364
1.065471
1.062638
1.178509
1.007109
0.9752596
1.014151
0.9894687
0.801601
0.9808302
0.8525822
0.9356893
0.7510454
0.8371219
0.8161144
0.851583
0.8357969
0.907624
0.9630606
0.8024233
1.333101
1.067826
1.038498
0.9023963
1.153328
1.151251
1.117409
0.9601819
0.8943633
0.9048442
0.8106313
0.7889579
0.9496838
0.982842
0.975187
1.070681
0.9116305
1.28005
0.823817
0.8839015
0.9983901
0.7126253
0.8903582
0.9830343
0.9588698
1.33261
1.606423
0.966951
1.004342
0.8286852
0.8141419
0.6837498
0.7597953
0.8014133
0.9823816
0.7383126
0.7935036
0.7374797
0.737075
0.6943579
0.9759239
0.7492926
1.236308
0.7260875
0.8136609
1.127268
0.8753818
0.8230009
0.8358012
0.7934127
0.9191332
1.002654
0.9635692
1.212905
0.7938597
0.7484189
0.8659045
0.5832701
0.9018955
1.136775
1.080547
0.9799691
0.792664
1.00222
0.9152583
0.6973865
0.9773003
0.8185066
1.139219
1.067531
0.9948641
0.8123888
0.8222743
0.8285839
1.064481
0.9503044
0.8945632
1.005625
1.1464
1.176672
0.930683
0.9307184
1.072149
1.006204
0.8212574
0.8540966
0.750869
1.002185
1.080794
0.9613975
1.039016
0.7852075
0.9610715
0.9715615
1.308658
1.390976
1.200047
1.417362
1.09164
1.56202
1.096431
1.248274
1.10091
2.030634
1.16762
1.110958
1.172465
1.655565
1.793988
0.9702074
1.04657
0.8505423
1.223725
1.029084
1.011022
0.8465464
1.267136
1.047883
0.8886299
0.9277735
0.9659123
0.945167
1.210016
1.003686
1.123843
0.878726
1.183731
1.298887
1.412921
1.242474
1.472323
1.019621
1.010761
1.68561
1.084825
0.9539004
1.169283
1.381312
1.353007
0.869797
0.989882
0.7451145
0.6946559
0.8791374
0.685982
1.1929
0.6430318
0.852294
0.6998896
0.9109992
1.042414
0.8001764
0.7157387
0.9636916
0.8908245
0.7750466
1.156327
0.8648825
1.084214
1.013393
0.8749986
0.9377972
0.9129897
0.9266191
1.022798
0.8364369
0.8370632
1.200711
0.9420862
1.093107
0.8504364
0.9941916
0.8754209
1.026231
0.9889209
1.367817
1.110444
1.053351
1.266994
1.098425
1.096386
0.7870351
0.7784188
0.8693778
0.7370972
1.008699
0.7193134
0.8583926
1.185217
1.114693
1.341346
1.625921
1.176657
1.245876
0.9394866
1.458862
0.8637153
0.9434531
0.928287
1.065947
0.8217709
1.252418
0.8835393
1.020038
1.130822
0.840264
0.6678594
0.7663774
0.7451631
0.5988891
0.5835166
0.8658753
0.9146989
0.9711154
1.023019
0.8263423
0.751303
0.9690865
1.239227
0.8071888
0.8845286
0.8197894
0.6824738
0.9260281
1.03665
0.5137932
0.6024826
0.6437893
0.8772593
0.6824653
1.317156
1.186289
1.075554
1.383269
0.6419435
1.131492
1.138203
0.5346751
1.057595
0.9706296
1.070808
0.9792403
0.9791367
1.214639
0.9743189
1.004331
0.8799996
0.8416605
0.6341143
1.013511
0.9272412
0.8946432
0.9563531
1.035788
0.9010122
0.8406908
1.083883
1.024751
0.8834288
1.016916
1.165178
1.206968
1.19177
1.225841
0.9115474
0.7946222
1.141438
0.7804424
1.348696
1.008512
1.341013
0.888727
1.077844
1.496465
0.6845334
0.9632281
0.775959
1.132837
1.465508
1.059983
1.06473
0.9212006
0.9834899
0.9152074
0.8931143
0.827328
0.9647119
1.269854
1.238157
1.006426
1.173121
0.8431796
1.113983
0.8295984
0.8764842
0.8149596
0.8923341
0.6531389
1.167532
1.135119
0.8517634
0.8741197
0.7493974
1.207146
0.7693801
1.009398
1.123868
1.033493
0.8933489
0.9665734
0.952701
1.051668
1.076742
0.7315134
0.9973565
0.7891557
0.8607758
0.8431562
0.8547864
0.7772178
0.9924943
0.999474
1.377544
1.345905
0.8588387
1.028328
1.579499
1.078185
1.215842
1.272853
1.012874
1.047842
0.7911451
0.9517729
0.8654081
1.245619
0.6176787
0.7955482
0.525667
0.8967514
1.126501
1.146205
0.8721606
1.262356
0.6160837
0.5559588
0.8016042
0.7763158
0.9307785
0.8383369
0.8162563
0.966535
0.7983284
0.8956469
0.7608858
0.9219892
1.091904
1.081309
0.7874576
0.761518
0.7068861
0.9314732
1.345216
0.8548993
1.017457
0.9628767
0.8832619
0.9995364
0.9994467
0.8607418
0.7081299
1.082128
0.9104629
1.093954
1.383025
0.916911
0.7715869
0.798417
0.7340639
0.9249314
0.9469213
0.7210418
0.7312202
0.6839351
0.9515985
1.09934
0.9509167
1.25357
1.556069
1.206462
1.259564
1.176552
1.116825
0.7678894
1.11636
1.003794
1.114642
1.186176
0.9613239
1.064107
0.7805513
1.062366
0.9763459
1.236022
1.292558
1.122722
1.090028
1.470231
1.565509
1.438325
1.198896
1.248437
1.095813
0.8264408
0.8909664
0.7108999
0.8234008
1.286934
0.7111122
0.8837589
0.8713533
1.103222
1.387454
1.429944
1.367978
0.9567693
1.277716
1.401417
0.9328936
0.8143019
1.333242
0.9526491
1.123112
1.218396
0.8279804
1.021363
0.7436024
1.150782
1.140059
1.080842
0.9173662
1.037121
0.9068418
1.211966
0.8802149
0.8720376
0.9675111
1.23877
1.34575
0.7453898
1.186442
1.22604
0.9048943
1.491729
1.048794
1.203092
0.7344652
0.8097214
1.02936
0.8029328
0.909172
0.8540693
0.6927287
0.7978404
0.6002042
0.9420174
0.6905571
0.6759391
0.6632178
0.6667762
0.9892937
0.9856382
0.7268847
0.6742004
0.8055413
0.7665339
0.7721868
0.9701875
0.8835098
0.9083338
1.07867
0.6836132
1.012555
0.765126
0.7330236
0.7337963
0.9233077
0.8445971
0.8323516
0.8910191
0.792016
0.595367
1.107502
0.8675763
0.7209686
0.6973516
0.8819245
0.9924625
1.20336
1.069474
0.8188431
0.9622327
1.305245
0.7568843
1.187636
0.843915
0.8247964
0.6795233
1.351083
1.175377
1.153215
0.9136523
0.9422531
1.290663
0.9513586
0.8850039
0.9867586
1.161093
0.9010516
0.7910604
1.107038
0.9979746
0.8682327
0.930217
1.129886
1.236013
0.9123261
0.9874577
1.025857
1.03824
1.050886
1.06466
1.091748
0.7979483
0.9227963
0.9528052
0.966427
1.187797
1.081688
1.167462
0.9352964
1.1311
0.8581048
0.9800523
0.7959736
0.8663002
0.6999089
0.8368494
1.238468
1.304048
1.199585
1.324587
0.8805415
0.8320994
0.8718576
1.022209
0.8784761
0.7574365
1.026051
1.075357
1.176828
1.009072
0.9981214
0.8550833
0.8515282
1.023119
0.9301909
0.9911838
1.022224
1.30552
1.52138
1.305013
1.39495
1.017436
1.305874
0.8806715
1.1219
1.226241
1.238471
0.7292033
0.7123071
0.9066895
0.8138072
0.794737
0.6254323
0.8441114
0.6616438
0.7490988
0.7497639
0.6769178
0.7661338
0.8287793
0.8767448
0.8070984
0.803892
0.9196757
1.108271
0.996398
0.638921
0.8456407
0.7714084
0.5618346
0.5283824
0.7345545
1.055576
1.212843
0.9866806
0.977691
0.8157679
0.7112195
1.064962
0.8030857
0.6968742
0.7649815
0.9802504
0.7000482
0.653829
0.7154615
0.7520259
1.132976
0.9319609
0.8858982
0.6800636
0.8207337
0.7566138
0.6855287
0.9864644
1.199845
0.8662707
0.8357629
1.053355
1.127126
0.744996
0.8299119
0.8674592
1.264257
1.050307
0.8045986
0.8150038
1.109253
0.711497
0.6828055
0.5237682
0.8917392
0.7436667
0.850903
0.9670386
0.9307827
1.081512
0.8632333
0.788312
1.166752
1.105934
1.212719
0.9628585
0.7186436
0.7442434
1.257841
1.230362
0.8380278
0.9641594
1.994664
1.050476
1.297512
0.7719626
0.8564605
1.380616
1.554345
1.06982
1.130005
1.274902
0.7061937
0.7807127
0.8856438
0.9909232
1.355142
0.7886057
0.8632678
0.6460614
0.9950873
0.9300581
1.010174
1.51919
0.8543936
1.028027
0.9447904
1.313741
1.567775
1.073735
1.013353
1.362133
1.427281
0.8435699
1.342141
1.030665
1.236697
0.9230108
1.014579
0.9506333
0.9345864
1.422292
1.004164
1.393859
1.021637
1.049412
0.9786759
0.712729
0.8998917
0.7115652
0.4921213
0.628108
1.125628
0.6978318
0.7151033
0.8324489
0.5759178
0.8335444
0.9130895
0.8764534
1.045815
0.8955226
0.9830323
1.233839
0.806104
0.8549991
1.039968
0.946669
1.081567
1.223663
1.017242
1.223971
0.9641006
1.235046
1.070099
1.085075
1.113418
1.178815
1.179138
1.158645
0.9571169
1.018181
1.052477
0.9775117
0.824497
0.7055129
0.7416812
1.024066
1.094604
0.7245583
0.577072
0.6017441
0.7727565
0.7027968
0.5707266
0.4747927
0.7968239
0.9811339
0.7344949
1.23796
0.8990037
1.066731
0.8095776
1.173689
0.7079057
0.8761727
0.7912326
0.9150954
0.8901366
0.8239875
1.031374
0.7223604
0.9161989
0.8402606
0.9314719
1.137626
0.8359903
0.7736559
0.7134073
0.7857716
0.7124252
0.6204674
0.7826045
0.7303428
0.9646546
0.892615
1.108624
1.095256
1.015982
1.222139
0.7858115
0.8099904
0.6472469
0.7878592
0.8196575
0.8875155
1.235835
1.012788
0.929183
1.633956
0.9382244
0.8240056
0.7934372
1.292658
1.107984
0.944397
0.9563285
0.7824729
0.7007379
0.5263469
0.8713337
0.8369282
0.9892055
0.9861184
1.321088
1.348954
0.7015916
0.9218783
0.9448554
0.804427
0.8152815
0.6914815
0.694898
0.9917532
1.109414
0.8815044
0.7459887
1.12373
0.961847
1.189265
1.30006
1.160365
1.675164
0.9264759
0.8585188
0.9386357
0.8397245
0.8664208
1.219039
1.336515
1.047759
0.7345213
0.8113585
1.009461
0.9478818
1.237218
0.9873396
0.7666067
0.8691267
0.9425902
0.9338655
1.237466
1.293031
0.7869488
0.91123
1.169881
0.8498283
1.26988
1.013119
0.8742049
1.33726
0.9543266
0.9167815
0.8653874
1.168576
0.7659868
0.7265887
0.746654
0.751512
0.8978004
0.8411996
0.7319047
0.6844647
0.7167828
0.7499733
1.426495
0.8599659
1.264488
1.09477
0.7270334
0.7156932
0.5489315
0.6712639
0.6158269
0.5939948
1.066833
1.312784
0.9733352
0.96197
0.8029042
1.043723
1.010513
1.170815
1.064133
0.5548806
0.6443349
0.7372377
1.360511
0.9070371
1.392838
0.9854872
0.872498
0.7708356
0.693854
0.9626216
1.239599
0.7769872
1.047575
0.9682346
1.07817
1.576281
0.9077372
0.9027313
0.9547033
1.986309
0.8394261
0.7409643
1.224957
0.7844188
1.001483
0.9180357
1.196916
1.521737
1.364949
0.935433
1.345173
1.376939
1.399616
1.884057
1.543258
1.388721
1.245924
1.417427
1.323988
1.111829
1.025451
0.9644412
1.402409
0.9044945
0.8862271
0.9553376
1.03564
1.160986
1.273282
0.9386345
1.051331
1.475051
0.9490292
1.435076
1.685291
1.020442
0.9129884
1.038936
1.033936
1.238879
1.00584
0.8158088
0.7933266
0.6011548
0.9383556
1.143546
0.8434518
1.03724
0.9435794
0.7118234
0.7010294
0.7565526
0.7912205
0.9891633
0.9115429
0.8400691
0.8817068
0.9813769
0.9299779
0.9892064
0.7321139
1.097344
0.7131515
1.077179
0.8425023
0.7864165
0.874515
1.23019
0.9063331
1.763478
1.082729
1.11065
0.9192201
0.7995717
1.122241
0.939418
0.744856
1.002345
0.6429386
1.09069
0.771708
1.317172
1.043971
0.8747937
1.420443
0.8128147
0.819642
0.7764261
1.00565
1.228637
0.6522801
1.19528
1.274563
1.320876
1.083911
1.110257
0.8410118
1.311884
0.9188052
0.9300377
1.383232
1.616009
1.15925
1.29909
1.558358
1.27812
0.9228142
1.071427
1.321956
1.386688
1.344804
0.8296077
0.8596949
0.7301031
0.945429
0.9652439
0.7161721
1.122628
1.224314
0.9158793
0.8907133
1.254753
1.032643
0.8321701
0.9103453
0.7777367
1.04986
0.6961386
0.6458726
0.6604613
0.6468227
0.8533166
0.613867
0.8184851
0.6398531
0.7176702
0.8379787
0.7284608
0.8048018
0.6101042
0.5261605
0.7742875
0.7431546
0.77574
0.736683
0.8178719
0.7707742
0.923892
0.8203838
0.9852529
1.080641
0.8997509
0.8604416
0.7934384
0.869764
0.8011234
0.791729
1.133741
1.044852
0.7821285
0.7690753
0.7357638
0.6716232
1.025498
0.7856493
0.9011422
1.022089
0.9858367
1.143774
1.264846
0.686797
0.7667267
1.14109
1.149714
0.8767567
1.004104
0.9036429
1.22862
0.8866301
1.269602
0.996144
0.8091898
0.869861
0.8958674
0.8364261
1.209657
0.972797
1.239936
0.9831931
1.242987
1.084536
0.793691
1.034716
0.7799199
0.8202228
0.7281121
0.840092
0.8111271
0.4787629
0.6797311
1.047602
0.9828774
0.8001293
0.9119686
0.8757905
0.8707694
1.515043
0.8211195
0.9661827
0.9652053
1.152593
1.221569
1.254351
1.275905
1.18051
0.9130865
1.112955
0.6957064
1.020456
0.8047044
1.186335
1.142038
0.9290062
0.7704022
0.8015468
0.7800536
1.005509
0.711941
0.8524101
1.09525
0.9580009
0.6875049
0.6924303
0.8347305
1.059198
0.761797
0.6475993
1.119176
0.9577874
0.9742572
1.072784
0.9091024
0.9001239
0.8079685
0.8851845
1.422654
1.117044
1.097707
0.9494376
1.333786
1.28687
1.254315
1.389802
1.430746
1.059285
1.173511
1.040741
0.8670413
0.8119557
1.148365
1.29415
1.033927
1.463486
1.100857
0.7846406
0.633844
0.7090928
0.6398793
0.8701387
0.7990561
0.6994278
0.819092
0.8807247
0.7432113
1.001495
0.8693999
0.8601803
0.9170155
1.310668
0.7316517
0.8908858
0.7715386
0.8894836
0.8184222
1.159104
0.8986223
0.9466205
1.638501
0.9851478
1.537549
1.29405
1.759525
1.682309
1.515779
1.306755
1.026634
1.177825
0.944103
0.7781551
0.9965729
0.7728667
0.6870318
0.7682091
0.9191436
0.8793075
0.9851864
1.393987
0.8433616
0.8209997
1.183795
1.359368
0.6732376
0.8842014
0.7884631
0.7632174
0.6543356
0.9576802
0.9868146
0.5982697
0.6497263
0.8959363
0.6843107
0.8878719
0.9397943
0.8916872
0.9002456
0.6837467
0.5793005
0.9489656
0.5777453
0.6489858
0.7344888
0.7092021
1.082349
0.6163188
0.6923733
0.7229
0.8107289
0.8228213
0.6048243
0.4815938
0.541847
0.6135176
0.697983
0.6099872
0.7713288
0.5486392
0.7375863
0.5286005
0.5272604
0.6792382
0.8504627
0.6640236
0.6251489
0.6174179
0.8034752
0.7005406
0.6812813
0.9781221
0.6115217
0.800835
0.6286514
0.5806613
0.6764825
0.911552
1.119609
0.7879027
0.8598453
1.163981
1.500844
1.069092
1.03309
1.466095
1.679683
1.450613
1.047805
0.9438575
0.8209743
1.130726
1.227318
0.7875054
0.9298732
1.006433
1.087149
1.067681
0.8783154
0.9589203
0.9737247
0.6938998
0.6907472
0.9459368
1.108295
0.7887957
0.8671391
0.5868509
1.077378
1.088013
1.014562
0.7109428
0.7944097
0.9380425
0.7412326
1.117239
0.701274
0.7380776
0.7031457
0.838381
0.6846799
0.7070272
0.9684237
0.7036039
0.8068956
1.043246
0.8281447
0.7486485
0.6202121
0.7949731
1.008344
0.6102148
0.7836682
0.6448403
0.8066335
0.5594086
0.7065791
0.8432045
0.9116641
0.7787477
0.6748841
0.9103856
0.7105711
0.9335716
1.041661
0.8960044
1.187172
1.137351
0.731957
0.8747653
1.115775
1.042883
1.171838
0.9323834
0.616604
0.6806178
0.7446572
1.028254
0.7179881
0.9411466
1.100092
1.206213
1.162244
0.912271
0.9293439
0.8710825
1.072789
1.156357
1.338281
1.6759
1.214847
0.9703138
0.8431491
1.432932
1.066753
1.697412
1.131265
0.9533634
0.9973105
0.7573171
0.7973308
0.8554561
1.363117
1.19599
0.8881624
0.913096
1.874024
0.9322961
2.069073
0.8197204
1.131906
0.9127468
0.8912798
0.9102879
0.9947735
1.074127
1.026607
1.010793
1.177289
0.8961005
0.9825296
0.8672308
0.9748449
1.235631
0.9389388
0.7134313
0.8373616
0.7093319
0.7762847
0.7865409
0.855155
1.017719
0.7533763
1.018101
0.7352101
0.9547433
0.703918
0.5979537
0.8711629
0.5532862
0.6547338
0.6231661
0.7785428
0.8688538
0.8567441
0.924601
1.131734
0.9239098
0.8892937
0.961985
1.21025
0.9652068
0.7843955
0.8719006
0.8458783
0.9524844
0.8234988
1.076
1.305284
0.8459127
1.088571
1.033537
0.9471244
1.250497
1.102
0.9707848
0.9988698
1.073769
0.9091431
0.8700404
0.8606036
1.508887
0.7845201
1.244908
1.753791
1.678058
1.347969
1.327329
1.370374
1.327033
1.42265
1.726134
1.825363
1.478275
1.367639
0.8963401
1.056455
0.7672273
1.23424
2.017577
1.170542
1.822954
0.9281851
0.7380392
0.8388639
0.647401
0.9172144
0.9927032
1.077245
0.7001676
1.034355
0.9427567
1.32859
0.9870675
0.9063288
1.29689
1.021507
1.081252
1.019562
1.067081
0.7338661
0.8348487
0.8530177
0.9371302
1.113851
0.8639688
1.038406
0.8816741
0.9254506
0.8244803
0.7204013
0.9038291
0.9385724
1.034563
0.8310107
0.816836
0.7634648
0.731334
1.292797
0.638127
1.138757
0.7124973
0.7990865
1.024643
0.8444603
1.175977
0.8442558
0.6557629
0.6161864
0.6130776
0.6190059
0.6891559
0.8756189
1.028757
0.8687155
1.043477
0.819119
0.7174003
0.8115523
0.9278607
1.034513
1.137606
0.9281723
1.43289
0.8776855
1.059095
1.284522
1.071061
1.18636
0.6298129
1.226006
0.8481717
0.8519261
1.247055
0.7133031
0.8235963
0.7217244
0.8219171
0.5672068
0.6835437
1.006192
0.8217494
0.9989225
0.9316214
1.222697
0.9098381
1.247018
1.136795
1.187731
1.405888
0.9101378
2.040285
0.7890026
0.8938192
0.9936482
0.9389673
0.9392828
0.8628028
1.103476
0.7653908
0.8938712
1.304577
0.9793906
1.611635
0.9943066
0.8474899
1.262721
0.9224896
1.286375
1.463173
1.257088
1.452217
1.370169
0.9841473
1.239505
1.2247
1.443296
1.218213
1.105664
1.319912
1.054922
0.838434
0.8899097
0.9090877
0.8085939
0.9947003
0.7660631
1.115481
0.9719659
0.8452366
0.9192888
0.9945899
0.6725142
0.8007542
0.7910468
0.8074064
1.620059
1.198046
0.9526904
0.7744855
0.7403746
1.02288
0.7158677
0.8661349
0.9088429
1.193599
0.6086636
0.9339224
0.9158713
0.6461016
0.7311585
0.6979549
0.622591
0.5692963
0.8594756
0.8197815
0.8793152
0.5788988
0.6009332
0.6499512
0.7035512
1.309989
0.6151945
1.316353
1.11431
1.021406
0.6931457
0.8255016
0.7656695
0.8849772
0.6709973
0.9435739
0.958617
0.6691681
0.7971992
0.9087678
1.043391
1.096917
0.8566326
1.037137
0.9584544
0.9763051
0.7407828
0.7062094
0.9599227
0.8962118
0.5875949
0.7745636
0.5863866
0.5745252
0.7360168
0.6839005
0.8818859
0.5967379
0.7740084
0.6870012
0.813654
0.6995267
0.6817624
0.6950483
1.167995
0.7688968
0.5228754
0.8811231
0.6190847
0.9511197
0.9055459
0.605153
0.9335291
0.9339285
1.013535
1.088222
0.8823593
0.9970332
1.28495
0.917798
1.056014
0.7809953
0.9876977
0.989467
0.8549653
0.9426122
0.7826383
1.006675
0.8156616
1.693003
1.494577
1.041364
1.069026
0.8734839
1.017713
0.8682424
1.170295
0.7865452
1.008996
0.9313999
1.076723
0.8037245
0.731684
0.8435246
1.025726
0.7083914
0.8040882
0.6379727
0.7585138
0.8788063
0.646311
0.7048806
0.6557924
0.9756843
0.8279926
0.8376535
0.9668642
0.9254152
0.8274342
0.7473477
0.7183472
0.7091142
0.7505617
0.8230769
0.6981215
0.7501522
0.89141
0.8026621
0.5962457
0.6497076
0.6485767
0.7589883
0.8423257
0.8826173
0.9106325
0.6313441
0.6967269
1.084894
0.821387
0.8101171
0.6348167
0.725082
0.7433605
0.8989621
0.9289407
0.6704497
0.9832177
0.7399022
0.8126636
0.6432897
1.309755
0.9029998
1.049723
1.330519
0.889228
1.067932
0.884058
0.9646608
1.036027
1.152554
1.093377
0.8224423
1.002836
0.7544564
0.9890227
1.059345
0.7406003
0.9455393
1.384061
1.900798
1.354237
1.349736
1.060871
1.194841
1.472289
1.322245
0.945079
1.174219
1.358177
1.018805
1.099837
0.8492389
0.6991385
0.6965614
1.214143
0.677048
1.149634
0.8522399
1.076331
0.8518527
1.0355
1.172488
0.9528218
1.010973
1.0182
1.215079
0.7494596
0.8769843
0.723158
0.948405
1.13648
1.18518
1.256087
0.9715385
2.001863
1.269405
1.724084
1.10383
1.332506
1.162087
0.8810808
1.046159
1.573079
0.9723259
1.256452
1.141337
1.371122
0.9833814
1.258033
0.7820625
0.8786333
0.9897208
0.6254573
0.7149128
0.9982449
0.7592072
0.6489373
1.446863
0.8401057
0.6543907
1.693424
1.166027
0.9732932
1.013456
1.068328
1.123894
1.145539
1.198745
1.405568
0.9384682
0.8953629
1.327141
0.9493364
0.8880709
0.9635438
0.8657187
0.8433866
0.5678742
0.7425831
0.5925931
0.6491971
0.9163987
0.8867783
0.6456635
0.9939901
0.799708
0.9259498
1.038522
0.7853548
1.014228
0.912945
0.7541238
0.7332988
0.9397869
1.299843
1.425995
0.7581663
0.8255696
1.057302
0.6463331
0.8374343
0.7497744
0.8677428
1.03706
1.118726
1.315813
0.9678138
1.02378
0.6845315
0.7865823
0.7037582
1.043513
0.8909333
0.8600894
1.118333
1.035112
0.730228
0.9596618
0.4949435
0.73188
0.7233428
0.9677904
1.003549
1.032094
0.8118404
0.8880059
0.6658765
0.9121031
0.7710592
0.8199
0.7593598
0.6337296
0.9019408
0.9992886
0.9066859
0.8221803
0.6940241
0.8555434
1.203212
1.133662
1.387305
1.019527
1.278665
0.7719106
0.5621453
1.117776
1.137612
0.7962029
0.7665694
1.006201
0.8061959
1.160222
0.833089
0.6078491
0.7086854
0.5569574
0.7465725
0.8219063
0.5997198
0.8017894
0.8648332
0.6393835
0.7922411
0.7181428
0.5634066
0.6775383
0.7536026
0.8861049
0.891185
1.24127
1.021528
1.109722
0.9213176
1.065877
0.605303
0.576898
0.8839472
0.7476465
0.8401207
0.5999902
0.7118143
0.8684145
0.6247605
0.8154215
0.9702622
1.05899
0.6354304
0.5301667
0.5799224
0.5574945
0.7759519
0.7491821
0.7417293
0.5820163
0.8958916
0.7043059
0.5271336
1.104949
1.119976
0.6086271
0.9255705
0.9320813
0.6611524
0.7164261
0.9943184
1.065831
1.12045
0.9964457
1.60963
1.765231
1.417243
1.189345
1.159248
0.9479542
1.228101
1.796086
1.097075
1.426738
1.192341
1.05706
1.021058
1.08985
0.9352566
1.084058
1.000566
1.075049
1.0211
1.307465
0.8374315
0.7460998
0.8873985
0.819613
0.8934968
0.9053418
0.6574376
0.8253072
0.8530265
0.9516193
0.6127846
0.4566468
0.8592362
0.6814758
0.5057582
0.6979868
0.5296153
0.5351411
0.7925699
0.863469
1.261715
1.081975
0.7933841
0.8742437
0.8956683
1.057628
0.8742351
1.225237
1.045308
1.11704
0.7340942
0.7779643
0.7027463
0.6118252
1.29145
1.140532
0.8434899
1.05296
1.082207
1.088488
0.5819257
0.7097191
1.15068
1.283806
0.8616411
1.19812
1.095069
0.8910346
1.032557
0.8217123
0.8129358
0.8051475
0.6672916
0.7076525
0.7137632
0.7875501
0.828776
0.9146203
0.7257256
1.119789
1.050903
1.105536
1.355916
1.274178
0.8722595
1.215111
1.167963
0.8295754
0.9354517
0.8365829
1.048816
1.104906
1.34134
1.477853
0.86244
1.036968
0.8197301
1.264087
1.454244
0.9586151
1.000033
1.040587
1.134227
0.9974605
0.9276439
0.7218792
0.7052671
0.559998
0.8892362
0.5674293
1.185868
0.7696027
0.9960247
0.8483016
0.6699329
1.003531
0.8485625
0.8125026
0.739441
0.8987876
1.008859
0.9822907
0.8289772
1.111874
0.9410097
0.8123865
0.7483321
0.8190125
0.7761632
0.6804417
0.6695057
0.7752181
0.8677611
1.332502
0.8955393
0.7388981
0.9463519
0.6027364
0.6106229
0.9270495
0.9381436
0.8248285
1.10486
1.052561
0.7002018
1.174515
1.108304
0.8597982
0.8204604
1.074732
1.642725
1.409999
1.151387
0.6749384
1.076271
1.021068
1.017088
1.384068
0.9256224
1.186288
1.183627
1.959691
0.9245529
0.9281883
1.244542
0.8064306
1.09458
0.8308163
0.9350975
1.193509
0.9021409
0.9794408
1.022299
0.9656126
1.085385
1.132287
1.074442
0.9465982
0.8790359
0.8214727
1.082415
0.9481403
1.67967
1.056886
0.8571649
0.9828824
1.249667
1.206106
0.7299645
1.105446
1.039797
0.8187449
0.7878229
0.9577269
0.9434162
0.6104194
1.047339
0.8355427
0.7334601
0.6742155
0.8502303
0.8947437
1.035686
0.9335171
0.9375789
0.9310322
1.067829
0.7481349
1.124485
1.098333
1.114254
1.135794
1.00379
0.8118694
0.9848875
0.943017
0.8331539
0.8851679
0.7790139
1.0475
0.9182869
1.191369
1.222651
1.099838
1.189826
1.017813
1.578093
1.56096
1.222771
1.329557
1.188749
0.7878609
0.9659548
0.8867539
0.6400346
0.6934974
0.770975
1.024552
1.313441
1.040343
1.007678
1.32657
1.080797
1.243042
1.126932
0.8140479
0.8817782
0.9793427
0.9333936
0.5793381
0.6611559
0.6269073
0.871242
0.8255575
0.8446822
0.9248085
0.78611
0.9242175
0.7614966
0.8660916
0.8567206
0.7866045
1.168201
0.8956339
1.187926
0.9804247
1.358334
0.7170334
0.7899436
0.9365585
1.072075
0.9185878
0.9157886
0.6716861
1.132512
1.242693
0.8017341
0.9216976
0.8891121
1.005826
0.6657241
0.5638914
0.7473042
0.5928738
0.5659124
0.7240901
1.014915
0.9208905
0.6594743
0.8141682
0.8297111
0.6085091
1.023729
0.9849446
0.6542708
0.5774576
0.9914853
0.7622731
1.198177
1.147991
1.128005
0.7697469
0.9621444
1.010938
0.8060662
1.152929
1.265263
0.8553218
0.96858
0.7247
0.7887674
0.8451597
0.9026724
0.8969726
1.105945
0.9056738
0.7895194
0.5924843
0.8066417
1.289048
0.9384445
1.363264
0.7770919
0.961308
0.9999859
1.432282
1.146942
1.223402
1.142546
1.096731
1.177812
0.8902381
1.350602
1.329817
1.094555
0.8207379
1.015231
1.124818
0.9194267
0.6833088
0.6506972
0.6073429
0.6342748
0.7869407
0.6865283
0.8261333
0.6416097
0.7783353
1.258125
1.148621
1.092803
1.251624
0.8434788
1.564325
1.064178
0.9935585
0.7054559
1.053634
0.7762671
1.104643
1.210127
1.03006
0.9055298
1.139489
1.295421
1.307414
0.8530395
0.877715
1.18881
1.641575
0.8259215
1.235091
1.287112
1.171267
1.04625
1.423527
1.376725
1.058446
1.058214
1.073485
1.073592
1.437599
0.9779331
0.9577423
1.027115
1.049001
0.8513661
0.8654265
0.8487437
1.093665
1.240882
0.8507841
0.6001542
0.7164719
0.8976837
0.5406442
0.9892112
0.5501914
1.309326
1.118227
1.010926
0.8348395
1.314733
0.795125
0.8413866
1.093861
1.067192
1.092611
1.161201
1.080131
1.128152
1.080453
0.9885399
1.395858
0.8760565
1.03096
0.7576896
1.046308
1.380211
1.42881
1.694639
1.388062
1.320644
1.584208
1.16331
1.903659
1.263535
1.439305
1.402693
1.521831
1.152879
1.318877
0.9703914
1.136408
0.9614457
1.075615
0.8542815
0.8243968
0.8947833
1.059703
0.9519519
0.742902
0.8851331
0.7418091
0.6441913
0.8145755
0.6388133
1.071405
0.6811294
0.6188602
0.9046258
0.8107274
0.9887587
0.9250564
0.8838788
1.111424
1.087324
1.128749
1.300337
0.7996657
1.235715
0.7603726
1.109753
0.8165681
0.6678005
0.9266591
0.7984915
0.8692433
0.9498847
0.9404931
1.034139
1.003529
0.9739291
0.850687
0.7077118
0.9292708
1.081291
0.7303757
1.087336
1.07465
0.9601655
0.9987318
0.8065286
0.6403386
0.6629278
0.5177439
0.6872441
0.7735065
0.759002
0.7631545
1.061314
0.8313969
0.8373796
0.6755741
0.7987114
0.762139
1.093516
0.8948134
0.8485931
1.015282
1.078437
1.249033
0.787351
0.8390222
1.02038
0.9927886
0.9132257
0.9714199
1.254709
0.8921836
1.192484
0.766606
0.9692052
0.893084
0.9182325
0.7581246
0.9887975
0.8752282
1.023876
0.8907076
0.7431305
0.7885335
0.6254281
1.076881
0.6765506
0.8262932
1.144977
1.065064
0.8623632
0.9148617
1.136397
0.9388107
1.433152
1.138592
0.8488651
0.6796756
0.9713658
0.9699541
1.22349
1.208538
1.448589
0.8048087
0.7723906
0.7337226
1.406241
1.208185
1.144654
1.46477
1.322288
1.370982
1.054592
1.316739
1.076843
1.39372
1.271912
1.137762
0.9449527
0.9029994
0.9203018
1.550858
1.377158
0.9450341
1.005246
1.041903
1.148478
1.332908
0.9546369
0.6828897
1.066678
0.9115599
0.7655798
1.193888
0.9796621
1.020975
0.913715
1.108785
0.7388111
0.8312658
0.819888
0.8179994
0.8516602
0.9751675
0.7440421
0.7869022
1.213662
0.7287794
1.053355
0.9528679
0.9595544
0.8100885
0.8988808
1.127349
0.9182506
0.7971522
0.84301
0.8131643
1.295276
1.166371
0.9066377
0.9557402
0.8417313
1.153647
1.050451
1.151913
0.8003129
0.7995591
0.7680209
0.7027053
0.8702864
0.6855079
0.9316307
0.7543161
0.8076597
0.9379838
0.7527941
1.011966
0.7606798
0.5604059
0.6842505
0.6976962
0.6604125
1.076817
1.001474
0.9043387
0.8602521
1.019086
1.154237
0.87435
0.7923974
0.6462647
0.8363175
0.8694036
0.9324048
0.7899153
1.28927
0.8244416
0.9767936
1.062513
1.226102
0.801451
0.9989076
1.256998
1.036125
1.140119
1.516118
1.187914
1.04392
1.087014
0.8785731
0.8488923
1.386024
1.019615
1.105896
0.8313037
0.967735
0.7291565
0.9137656
1.097326
0.9021307
0.6053536
0.8275689
0.9624466
0.9167825
0.6500473
0.810816
0.9671526
0.7351466
0.7966808
0.9134229
1.063576
0.7947653
0.8662459
1.149348
0.7079822
0.9685537
0.4861774
0.7045998
0.656428
0.5283
0.5443568
0.6530635
0.5115843
0.7618698
1.033396
0.9675363
0.8213122
0.6059443
0.783178
0.681237
1.175252
1.286283
1.431745
1.050474
1.197974
1.726505
1.211406
0.9232089
0.8205363
0.8974476
1.091989
0.9308161
1.125855
0.9429415
0.9459457
1.067415
1.072893
0.6482561
0.8427019
1.144053
1.140523
1.088776
1.135516
0.7207662
0.9104851
1.074552
0.9423915
0.8996832
0.6171197
0.6945437
0.615964
1.027182
1.048387
0.825774
1.382251
0.7995475
0.945198
0.7826388
1.085466
0.7345445
1.051487
0.7772374
0.9682461
0.7968845
0.6237933
0.8822711
0.5517319
0.6387952
0.6778747
0.5426574
0.7233471
0.8683407
0.7664209
0.8296737
1.16166
1.169623
0.8606018
0.9613248
0.8470298
0.9381214
1.163442
1.152134
1.428246
1.1921
1.50545
1.091828
1.155537
2.011269
1.546701
1.214075
1.953428
1.193874
1.582388
1.332832
1.231126
1.272936
1.234232
0.9712457
1.046657
1.06273
1.042515
0.8377242
1.107383
1.556572
0.8515952
0.7355524
0.9601542
0.937485
1.128692
1.26395
1.315551
1.376722
1.323427
1.188564
0.9938054
1.166556
1.404721
1.301193
0.87852
0.9296369
1.194802
1.268956
1.049293
0.9110955
1.002683
1.409214
1.188872
0.9505101
0.9317534
0.7010331
0.7418012
0.790932
0.7620629
0.9168447
1.134907
0.9539033
1.198913
1.263729
0.9468887
0.8310131
0.8886372
0.8557153
0.9975995
1.30471
0.9091285
1.136458
1.495309
1.693606
1.460671
1.392163
1.188844
1.192182
1.030702
1.205659
1.297266
0.9913968
1.269872
1.085043
1.164171
1.089567
1.350258
1.351713
1.177302
1.417001
0.8879052
1.156219
1.599091
1.432706
1.64175
1.589337
1.019235
0.8710648
1.257438
0.6984941
0.8328103
0.8268717
0.9517476
0.8605086
1.126537
1.239606
1.191187
0.9568714
0.8394258
1.203447
1.016499
1.000966
0.9934261
1.125279
0.8466493
0.6518749
0.6487061
0.8240569
0.7533863
0.5736115
0.9107156
0.762186
0.7850437
1.034383
0.6670049
0.7581537
0.913238
1.163666
1.514951
1.266909
0.8360869
0.7741105
0.7263264
0.8194268
1.096217
0.8715956
0.8620647
0.8166312
1.139931
1.722136
1.078674
1.923099
0.8962011
1.232283
0.7750021
0.7670223
1.506124
1.317804
0.7775049
0.8148405
0.8766829
0.6637755
1.001559
1.72722
0.905198
0.8080257
0.6669077
0.6877938
0.8906051
0.6617947
0.9370642
0.8605654
1.056687
1.071236
0.9575234
0.9238774
0.872694
0.7406195
0.9595654
1.081385
0.8042096
1.481678
0.9714596
0.8657708
0.9627204
0.9679775
0.9091154
1.147837
1.196551
1.05424
0.9952941
0.718662
1.155937
1.094916
1.070946
0.6767008
0.69094
0.689771
0.6394569
0.6647785
0.9612229
0.9783048
1.15663
1.21648
1.565647
0.9909928
0.8249951
0.7801044
0.9943821
0.9876811
0.660168
0.9681271
0.9039254
0.9512759
0.8243373
0.9322504
0.8203941
0.7818137
0.8583197
0.820324
1.40286
0.9078385
1.140553
1.274743
0.9358067
0.7795368
0.5983471
0.6486132
0.6979994
0.7824043
0.9009248
0.9419212
1.052499
0.7056727
0.8086562
1.399299
1.004634
0.7661049
0.7004861
0.7760662
0.4961404
0.6213116
0.9484337
1.054759
0.9196614
1.26724
1.063015
0.7418858
0.8687431
0.702524
0.793943
0.8274296
1.23017
0.7821743
0.9239694
1.046237
0.8994386
1.005822
0.8778188
1.304287
1.246491
0.6130315
0.8300399
0.7350336
0.9083986
0.8164507
1.366464
1.085567
1.030857
1.250853
0.7576621
0.8704416
1.003042
1.038268
0.8532954
0.7962142
0.7123379
0.6567415
0.6015307
0.9107833
0.7074384
0.7564761
1.144291
0.6845603
0.8539964
0.7828423
0.7443384
0.8033192
0.7571374
0.7393286
0.6234501
0.7266872
0.5884828
0.728957
0.8053559
0.9169911
0.7875521
0.7182152
0.8688083
1.014243
0.6051516
0.4982197
0.5593775
0.9082657
0.7217622
0.8276273
0.5865972
0.9379587
0.7331419
0.6759907
0.8547444
0.8733096
0.7517184
0.588042
0.7513574
0.9071208
0.976795
0.7300992
0.6073791
0.9319729
1.018442
1.050455
0.5848267
0.8222407
0.9939204
1.109544
0.7979883
0.5140347
0.6561579
1.045283
0.6445922
0.6699344
1.063441
0.8470326
1.254621
1.010612
1.035487
1.171543
1.229623
1.099826
1.057525
1.26699
1.017722
0.8952344
1.200463
0.7792005
0.7457866
1.0139
0.9440599
1.066958
1.310078
1.163485
1.011287
0.7315232
1.332978
0.9550901
0.9810999
0.9106982
0.9274815
1.192314
1.133081
0.7828989
1.173032
1.421073
1.03925
0.8219293
0.9474847
0.7355817
1.021765
0.7755724
0.7981234
0.9074532
1.057244
0.7290913
0.7358069
1.000345
0.9775057
1.048449
1.003
1.09197
0.9356577
0.9049051
1.11029
0.7871706
1.046095
0.903828
0.8958005
1.043545
0.6337787
0.8326432
1.023304
0.7590612
0.905218
0.7852086
0.6236322
0.8651681
0.5107357
0.4470682
0.575539
0.7823427
0.5402679
0.8090197
0.9442149
0.9290823
0.7773628
0.7775218
0.7653357
0.89996
0.8714754
0.8523553
1.017483
1.144445
0.6810194
0.7070578
0.9029172
1.011165
1.008322
0.8648368
1.166056
1.119844
1.000379
0.9433064
0.9853894
0.7054318
1.010623
0.9019113
0.6097781
0.9163484
0.8940511
0.952213
0.7846193
0.938987
1.066655
0.680589
0.8326474
0.7910431
0.907779
1.45012
1.05677
1.058031
1.120375
0.9214393
0.7233692
0.7985606
0.8073501
1.112341
0.6314194
0.9866947
1.091961
0.8053375
1.192633
1.543434
1.062779
0.9339022
1.094608
1.316973
1.38609
1.093187
0.9205955
1.209898
1.075267
1.078304
1.156876
1.097353
0.9827868
1.21266
0.9327957
0.9685368
0.9560127
0.9899772
0.7376373
0.8111547
0.6908251
0.6260087
0.7899766
0.9447181
0.5583494
0.7064049
0.9842826
0.9459768
1.14399
0.9336268
1.217454
1.301667
1.503706
1.511539
1.370257
1.034383
0.925206
1.015786
0.8057953
0.8508315
0.8997085
0.9604109
0.7975938
1.233605
0.6819324
1.215683
1.153519
0.9254579
0.7788348
1.187752
1.318416
0.8845905
1.193531
0.9538584
0.8334733
1.088081
0.9191359
0.7376352
0.9588054
1.078522
1.147978
1.001871
0.7309365
0.6533727
0.746794
0.6835835
0.7190214
0.7007149
0.7057962
0.8018278
0.8471759
1.279161
0.7328014
0.8428881
0.8832256
0.7852292
0.8307607
0.7103014
0.7919885
0.8517475
1.495502
1.000392
0.9138877
1.237545
0.8497731
0.876164
1.004007
0.8519771
0.6160997
0.7019297
0.8603198
0.7208492
0.7921424
0.9409674
0.5677804
0.7757607
0.7391814
0.5693578
0.7057437
0.6458818
0.7091896
0.5706973
0.8155734
0.9948146
0.940552
0.6754106
0.8846004
0.835306
0.8611425
0.6923982
0.8260124
0.9560821
0.6309222
0.6401883
0.7849493
0.6078098
0.8147129
1.016911
0.6921947
1.043761
0.7975559
1.290473
1.074401
1.052627
0.7578296
0.8737256
1.263711
0.9269858
0.9283837
0.6814547
0.5002955
0.7354677
0.7149102
0.8163417
0.7406396
0.6196665
0.7919914
0.6395786
0.6654421
0.6336498
0.6974903
0.8616888
0.6702079
0.5841283
0.9609906
0.9791563
0.800933
1.032395
1.160136
1.115618
1.285105
1.107068
0.9543753
1.19567
1.169537
0.9869896
0.8268848
0.8765696
0.6950512
0.9699958
1.006856
0.9406119
0.7442888
0.9656755
0.6061795
0.6763164
0.7735689
0.6583084
0.6478041
0.6699351
0.7897653
0.6456683
0.7336758
0.5791158
0.7634776
0.6250311
0.9728147
0.7402336
0.7049068
1.106646
0.9874973
0.8307906
0.5754526
0.9661316
1.088543
1.195879
1.179259
1.007371
0.9009568
0.9863244
1.055377
0.6786502
0.809964
0.8441395
0.6540701
0.8609254
0.63177
0.5804941
0.711717
0.7392565
0.6149278
0.5495
0.6269479
0.6051136
0.4343838
0.5448969
0.5461858
0.8338535
1.199447
1.233457
0.9713015
0.854157
1.022311
0.9383601
0.7017802
1.107944
0.8721066
0.925234
1.106688
1.019759
1.017304
1.338514
0.9656798
1.048631
0.8607161
0.9432403
1.01865
1.079009
1.193839
0.7992583
0.9358249
0.9622657
1.548233
1.414379
1.14912
1.58203
1.834849
1.451475
0.8740953
0.6489473
0.7533012
0.620707
0.6161767
0.7901776
1.021962
0.9270235
0.6353457
0.8947347
1.06415
0.783417
0.8225887
0.8619649
0.9031079
0.8202993
0.8295889
0.8684003
1.086955
1.01896
1.320664
0.6991677
0.6734704
0.8020069
0.9626974
0.7011026
0.6192028
0.949592
0.9802977
1.696133
1.184179
1.09919
0.978564
0.8193855
1.21052
1.046978
1.700013
1.376745
1.388676
1.28707
1.75205
1.302203
1.17832
1.213241
1.418786
0.8967038
0.853209
0.9312277
0.8857536
0.9988736
0.9707897
0.8826961
1.17395
0.7673009
0.7598945
1.403267
1.072696
1.000372
0.9749626
1.053673
0.9383122
1.260182
1.597098
1.335155
1.756939
1.617381
1.685989
1.815403
1.51438
1.271013
1.533952
0.9410347
1.236532
1.17839
0.9482964
0.8844712
0.9053527
1.274316
0.8507195
0.586658
0.9118815
0.9306507
0.7048239
0.5596304
0.5885254
0.8648385
1.24296
1.010213
0.663071
0.6661076
0.8537647
1.044113
1.391359
0.9559843
1.067174
1.116121
1.064201
1.131435
1.074973
0.6452029
0.7089481
0.72699
0.767346
1.334525
1.164616
1.006721
0.7235336
0.6608658
0.9523692
0.5574697
0.9080726
1.395516
1.044001
1.292601
1.027259
1.310047
0.8569147
1.02082
0.8963227
1.107447
1.032746
0.7603549
1.157442
1.018599
0.9949999
1.05373
0.8919289
0.8728796
1.153203
0.7792081
1.029354
0.8772047
1.006622
0.8696794
1.187152
1.045225
1.084082
1.305216
0.9382736
1.027735
1.034854
1.31177
1.151049
1.296038
1.386862
1.386957
0.8658679
1.072742
1.179139
1.434177
0.9424895
1.100641
0.7499664
0.9831481
1.034871
1.317428
1.221811
1.051204
1.314991
1.038664
1.255912
1.116583
1.198561
1.360381
0.9651558
0.8783781
1.260604
0.9912238
0.9729998
0.9018524
0.9344217
0.876825
0.9354428
0.9068107
0.8300015
0.8702026
1.115327
1.280243
1.479102
1.367476
0.8631677
0.8616529
0.7627164
0.8566354
1.06619
1.132975
0.8245278
0.7029862
0.6644684
0.9776619
0.895311
1.01371
0.5552623
1.117971
0.7339725
1.171196
0.7034341
0.7488335
1.098651
0.7863319
0.7324919
1.005646
0.8097012
0.8234551
0.9498966
1.201931
1.121757
1.185357
1.038628
0.8454895
0.7843872
0.9875343
0.7010241
0.8928634
0.726449
0.7894747
0.7464626
0.6403815
0.779596
0.9976765
0.8774192
0.8168857
0.8615363
1.098987
0.7821286
0.8220793
1.002911
1.272069
0.8055643
0.7794536
1.37572
0.9278612
0.7799356
0.8501037
0.7246459
0.893942
0.8118303
0.8944095
1.025071
1.095949
0.6792615
0.8829839
0.7126103
0.7203554
0.7776444
1.106661
1.13336
1.466322
1.033936
0.8981713
0.9307203
0.8945085
1.065645
0.8400038
1.248386
1.076126
1.085492
1.053531
1.055021
0.8059537
0.9586007
0.8447686
1.024128
0.8537671
0.8788111
0.7523957
0.9299528
0.9356073
0.6574212
1.171185
0.7552515
0.7426256
0.7455425
0.7813906
0.989746
0.8378046
0.7636386
0.9960327
0.7629795
0.9565972
0.6414316
0.5157015
0.6105681
0.7949227
0.6992128
0.6316354
0.8455673
1.112253
0.9355505
0.7700719
0.8422008
1.026211
1.203918
1.466415
1.562933
1.241924
1.281022
0.9345042
1.935281
1.093326
1.045895
1.021295
0.766558
0.8998561
1.042275
1.1179
1.406023
1.280826
0.9086199
0.9479149
1.358638
1.186628
1.257289
1.327329
1.398924
1.031164
1.499053
1.178888
1.40236
1.005783
1.452648
0.8954135
1.065716
1.010586
0.9572422
1.165821
1.182314
1.025444
0.9745792
1.147085
0.9337547
0.651076
0.6709245
0.6713641
0.7082707
0.8341916
0.6223409
1.052842
0.781918
0.8987447
1.203746
1.312148
0.8873524
0.9168219
0.7136797
0.8117047
1.068629
0.7305252
0.8934418
1.026701
0.9750216
1.266366
0.994543
1.013641
1.729231
1.89788
1.024701
1.448686
1.012332
1.447093
1.188794
1.245354
1.020077
0.9679388
0.969795
0.9164267
1.019807
0.9394978
0.7304278
0.8333975
0.9192327
0.8746329
0.7956033
0.8114874
0.8694441
0.9714583
0.9948574
0.7242393
0.5822977
0.9781741
0.6930975
1.020242
0.7828095
0.6108353
0.7251432
0.6473447
0.7782008
0.5026091
0.9016205
0.8390238
0.913191
1.235354
0.9329463
0.9147903
0.5486516
0.7065827
0.5294956
0.7857886
0.8004333
0.7163042
0.7792485
0.4605837
0.7462871
1.040713
0.7932887
1.105247
0.9484891
0.7325789
0.7840803
1.237981
0.9632673
0.7807383
0.7593046
1.070438
0.8570346
1.196451
0.8003112
0.9072262
0.9501316
0.8810016
0.9062218
0.8615135
0.6521579
0.8723666
1.092788
1.115899
1.024695
0.9872383
0.9407447
0.8553774
0.8960944
1.004206
0.8270925
0.9028989
0.8167533
0.7466915
1.169321
1.187467
0.8917597
0.6934364
0.9022257
1.04261
1.007118
0.9306481
1.101949
0.8538978
0.9866589
0.8178825
0.9905766
0.5774253
1.090888
0.6773802
0.8503487
0.8014199
0.8437562
0.8235058
0.6601645
0.945571
0.8490952
1.176028
1.204106
0.7636575
0.8659482
1.011201
1.657247
0.8693035
1.236451
0.9718075
0.612709
0.8224188
0.828716
0.800256
1.080702
0.6863117
1.082248
0.9144442
1.100732
1.031484
0.9264356
0.8941641
1.352823
1.002001
1.277109
1.242322
1.037456
1.022968
1.268139
0.8150086
0.957401
0.8606703
0.6980843
0.8663566
0.9430048
0.9359476
0.7343412
0.8206845
0.6806764
1.02503
0.8577138
1.011838
0.7928069
0.570816
0.7938359
0.6206194
0.4297836
0.4948747
0.6787059
0.63205
0.7133102
0.6238138
0.6676934
0.7100651
0.7551044
0.7103048
0.7250113
0.5478661
0.8128358
0.9126663
0.8019067
0.5929383
0.6674416
0.6052613
0.6099392
0.5903904
0.8445048
1.353728
1.05747
0.9747749
2.147879
1.190533
0.7757334
0.9717107
0.7720465
1.099484
1.421473
0.8810979
0.8347063
1.04091
1.187056
1.106959
0.8212035
0.6316012
0.8503795
0.7182183
0.6435336
0.8210375
0.7559361
0.6008507
0.65848
0.7419667
0.7369932
0.7076726
0.7680233
0.6940004
0.6912661
0.7117622
0.8196192
1.043923
0.8800273
0.9180271
0.764147
0.8196126
1.016127
1.067738
0.8367351
0.7961166
0.6819076
0.7718293
0.7175502
0.7641857
0.5636639
0.8296793
1.55737
1.381333
0.7747331
1.421478
1.226397
1.145584
1.121579
0.9099001
0.8334316
0.8724043
0.7681481
0.8709772
1.068509
0.788138
1.007158
0.9026769
1.107448
1.020292
1.139176
0.9655494
1.116927
1.18866
1.380328
1.014269
1.35036
0.9492695
0.6743946
0.5863039
0.6662069
0.6974422
0.6103486
0.5294657
0.5049249
0.7676254
0.6684035
0.9354792
0.7525182
0.7869978
0.737392
0.8420548
1.031765
0.6667441
0.8054771
1.08613
1.036131
1.144181
1.188143
2.119776
1.546924
1.206627
1.01606
0.8507379
0.8618406
0.8330953
1.038707
0.8799699
0.6732274
0.7044861
0.5804407
0.8186784
0.9297593
0.694657
1.041797
0.8060775
1.15914
0.854161
1.020757
1.152409
0.9681384
0.9555484
0.7802805
1.204743
1.286708
1.082397
1.256502
2.120529
0.8801507
1.186961
1.116128
1.547706
1.125897
1.261183
1.852198
1.056275
1.017517
0.8253022
0.7626651
0.6962352
0.7350256
0.8525128
0.9467009
0.7155089
1.354808
0.9711833
0.8756952
1.474414
1.101032
1.384387
1.126144
1.409993
1.336302
1.122464
0.6871873
1.029977
1.288591
1.014053
0.8811853
1.192623
1.355407
0.8597185
1.223023
0.970462
0.6669828
0.7324824
1.008832
0.9944513
1.123999
1.458073
1.092365
0.8639822
0.8998579
0.9799398
0.8409964
0.830441
0.7931655
0.9303399
0.8013938
0.925144
1.035775
0.9763551
1.180105
1.892679
1.024485
0.8916564
0.7609649
0.8396276
0.8136391
0.7187786
0.9927307
0.9007384
0.8597688
0.8483756
0.9623969
1.147365
1.237044
1.296562
1.432431
0.9693354
0.8936201
0.7425537
1.015703
1.206654
1.030222
0.8410812
0.9493748
1.130239
0.7513747
1.025963
1.102624
1.094338
0.6377983
0.7310392
1.520768
1.104226
0.8646764
0.9569892
1.643129
1.102165
1.394115
1.430296
1.071101
1.329819
0.7268225
0.8821313
0.7510814
0.7246062
1.050089
0.7394695
0.9188256
1.009337
0.924611
1.020029
1.229633
0.8864941
0.8800675
1.215971
0.7962998
1.044643
0.8370293
0.7057678
0.8892228
1.149728
0.6741642
0.9417856
0.8681962
0.8318568
0.813009
0.9491368
0.910687
1.241027
1.452413
1.114749
1.048018
0.7764783
0.7970799
1.145518
1.427842
0.7957983
0.8698686
1.227332
0.8879828
0.7771898
1.027442
0.8467027
1.111358
1.196395
1.080608
1.8735
1.051194
1.005712
1.254015
0.8617888
0.9693041
0.9292944
1.062641
0.7497109
0.867251
0.7985784
0.7377077
0.7985965
0.8123011
0.7577872
0.9206323
0.9275152
0.8853784
1.006435
0.6209361
0.7672789
0.6153789
1.069221
1.119923
0.7646315
1.191524
0.8199769
0.8419098
1.148235
0.9272756
1.525514
0.868805
1.043534
1.335705
1.102659
1.186359
0.9661859
0.8774866
0.817206
0.7927516
1.077811
1.062973
0.8021767
0.7931931
0.7394471
0.7612969
0.7126273
0.8591182
0.6525815
0.9529713
1.026072
0.7584974
0.6872282
0.547322
0.5307599
0.657852
0.7017692
0.7041396
0.8307405
0.5489975
0.6031032
0.8456597
0.9856509
0.7588983
1.271168
1.060368
0.7385096
1.00037
0.7979533
0.5306155
0.5818578
0.5899145
1.108017
0.7066945
1.352638
1.15129
1.052168
0.9802873
1.254011
1.132929
1.115156
1.224961
1.077932
0.9810588
1.313943
0.9283155
1.167162
1.071067
1.722757
1.034103
1.089362
1.047736
1.215804
1.095173
0.843571
1.04303
0.9030877
0.9328478
0.8662606
0.8035841
1.394275
0.9269889
0.6256258
0.6754251
1.03262
1.10067
1.034996
0.9967423
0.7777874
0.7014163
0.8007419
1.001563
0.790078
0.9873521
0.6740848
1.019684
0.7845267
1.060744
0.9242479
0.9460006
0.9591264
0.8786689
1.490152
0.9697143
1.405207
1.10928
1.221858
0.8032249
1.181812
1.045774
0.9161554
0.9748875
0.9936545
0.8450237
0.8818938
0.7628542
0.865004
0.6135588
0.8674424
0.7723426
0.5148589
0.938717
0.8830965
0.9549837
1.121063
0.9842318
0.7348184
0.9929206
0.9229898
0.8572431
0.9329977
0.4850905
0.6667962
0.8816929
0.7627979
0.6914625
0.5830199
1.2295
0.9273251
0.7904275
0.9131736
0.7587191
1.029957
0.9500193
0.8390134
0.7149786
1.112285
0.8144885
1.219528
0.8681516
0.7114624
0.7208854
1.133888
1.086204
1.088686
1.193728
0.9359228
1.233274
0.8438965
1.130079
1.562219
1.218001
1.060102
1.195911
0.8573128
1.024403
1.027799
1.008203
1.169359
1.261957
1.130677
1.527147
0.7324779
0.8424665
1.143348
0.847654
0.9108972
0.7751568
1.175135
0.8685179
1.172457
0.8561239
1.072977
1.379237
0.8781351
0.9685799
0.8680137
1.048304
0.8932902
1.054995
0.8847634
0.6316027
0.7383877
0.9850706
1.065762
1.022965
0.8825012
0.8956944
1.01162
0.5852587
0.6112296
0.5845212
0.6307117
0.7295299
0.6517658
0.9891104
0.8518179
1.004555
1.003645
0.8129335
0.7414266
0.7282805
0.7440917
0.4613075
0.6478633
0.7902347
0.6775818
0.5922889
0.7481304
0.8015464
0.693981
0.6210507
0.583773
0.5995516
0.8475699
1.170017
0.9293987
0.9239786
1.08908
0.7739391
0.5428125
0.7697612
0.649951
0.9714303
1.038747
0.6736798
0.7038793
0.6066338
0.6362472
0.8701045
1.004315
0.918221
0.9856725
0.842656
0.9318008
1.385937
1.421112
1.140128
1.272106
1.618491
1.854641
1.483011
1.090361
0.7493774
0.9665895
1.043275
0.9840487
1.300664
1.163063
1.79114
0.9605247
1.151197
1.033265
1.146855
0.8799456
1.210426
1.410791
1.217114
1.181334
0.718899
0.6792641
0.5247252
0.5520998
0.5266676
0.520101
0.5231988
0.6606295
0.9176253
0.7045379
0.5504641
0.5916113
0.5855051
0.6688135
0.754455
0.7303049
0.7106871
0.8773964
0.5112818
0.7199792
0.6618244
0.6205083
0.7411387
0.6296119
0.6671513
0.6408287
0.7433632
0.6437563
0.8901696
0.799214
0.5577893
0.7436331
0.4784317
0.5697888
0.573271
0.408734
0.6803356
0.9619063
1.009636
0.7618607
0.7605152
0.8776841
0.7113078
0.6155818
0.5080151
0.6669801
0.9051008
0.6969878
0.9515276
0.5617211
0.8891432
0.9489943
0.7414644
0.6504786
0.504262
0.7075587
0.8311135
0.7825049
1.074214
0.8755562
0.9620644
0.7036837
1.118724
0.981303
1.017233
1.018849
1.033698
1.334298
1.024617
0.9658895
0.9669672
0.8777502
0.6752747
0.6428408
0.7203895
0.8121205
0.7355051
0.6912195
0.7998624
0.7164106
1.313763
0.764502
0.8146671
0.6403117
1.016416
0.5850624
0.9425421
0.8170691
1.195387
1.756464
1.147616
1.526025
0.9817811
0.9741989
1.118667
1.313079
0.9606643
1.099054
1.001654
1.058412
0.7788076
1.001293
0.6487298
0.5914976
0.8637841
1.05312
0.818742
0.7055649
1.093281
0.9080268
0.7482515
0.8827027
0.6749578
0.8057522
0.6780083
0.6772585
0.750575
0.9367122
0.6543419
0.8879609
0.7070821
0.6537469
0.5422657
0.6694027
0.7359669
0.7496582
0.8165338
0.6938246
0.8297731
1.188373
0.9852223
1.076344
1.175072
0.9765492
0.8481584
0.7776798
1.188131
0.9241228
0.8212065
0.6326403
0.6244879
1.080635
1.277876
0.9096297
1.297751
1.1369
1.030021
0.7675667
1.005018
0.8293671
0.7849986
0.9512742
0.9809236
0.7266006
0.936243
0.8450973
0.9568444
0.894369
0.646542
0.8506283
0.7639322
0.8032797
0.8545384
0.7725644
0.8845823
0.8967341
1.281104
0.8953954
0.8038739
1.113927
1.274155
0.903579
0.8347624
0.9141609
0.8334632
0.7527773
0.6836264
0.9482107
0.6768816
0.6237669
0.6708504
0.791491
0.7616308
0.7717215
0.8556058
0.863981
0.9292668
0.7982553
0.6607776
0.5294151
0.9782198
0.6316565
0.8593249
0.7562769
0.6292456
0.77346
0.808335
1.072851
0.600032
0.6803915
0.8538082
0.6769085
0.9364432
0.9333309
0.8488911
0.7099744
1.054919
0.7582275
1.124398
0.9439394
1.38631
1.808322
1.034206
0.8078161
1.271824
0.8303419
0.8556679
0.9912801
0.9356524
0.9770627
0.9360497
0.8954403
1.094606
1.624554
1.151561
1.266077
1.112883
1.099893
0.8835026
1.030808
0.8275014
0.8677876
1.013554
1.192064
1.229268
0.8550861
1.272225
0.9119747
1.525178
0.9549192
1.234263
0.914514
1.553106
0.9924513
0.9840972
1.060336
1.063092
0.7504598
0.7535893
0.9277005
0.8920408
0.8699657
1.023473
1.016747
0.7441706
0.7515984
0.7991283
0.7255593
0.7761752
0.7667423
1.12734
1.142624
1.101467
0.7585535
0.8884004
0.9371204
1.058055
1.085782
0.8612944
0.7688952
0.6483645
0.754602
1.150749
0.9099497
0.6704795
0.7578197
0.5894001
0.5824966
0.5687959
0.5042367
0.5116077
0.533246
0.6729202
0.8503127
0.6976855
1.086197
0.663908
0.9077994
1.028366
1.292264
1.497834
1.205191
1.008379
0.8834577
1.10533
1.095687
1.271616
1.10783
1.536071
1.385948
0.7322414
1.016852
1.018839
0.9173293
1.364613
0.8005082
0.8813374
0.7364823
0.7254235
1.146866
0.8061669
0.7904175
1.166041
0.7097587
0.6813684
0.9406943
0.9278342
1.001182
0.7903
1.387706
0.7760807
0.8347261
1.019449
1.238136
1.341129
0.657324
0.8802458
0.9626479
1.30536
0.9984802
0.9754967
0.7254277
0.7262407
0.5779102
0.7570393
0.8375842
0.9460328
0.7026997
0.7885068
0.7659897
0.7455569
0.5259938
0.8070821
1.050501
0.9012766
0.7051364
0.9180192
1.030513
0.6900501
0.7793615
0.5203072
0.6533822
0.8057375
0.5055172
0.8464998
1.202521
0.6904582
0.8691431
0.87447
1.139764
0.7030169
1.006125
1.253145
1.158036
0.8217869
1.178546
0.9592547
0.7833593
0.8690285
0.8468811
0.7566169
0.8079386
0.8145017
0.7079848
0.6808159
0.8315309
0.7364699
0.9698931
0.775041
0.8307146
0.7646268
0.8149078
1.470206
0.7821796
0.8820075
1.068486
0.9401556
0.9413736
1.263547
1.075764
0.9708214
1.160948
1.332695
1.063631
1.555695
0.8201884
0.7397672
0.7768771
0.9401882
0.7034083
0.8216654
0.7180552
0.628322
0.9194426
0.736521
1.10101
1.176928
0.7619731
0.9050981
1.276347
1.501862
1.023673
0.8611962
0.9201788
1.181462
1.447581
1.356964
0.8375618
1.214042
0.9286176
1.256564
1.090617
0.9997772
1.185505
0.9462636
1.054916
0.956752
1.094102
1.303349
0.8983
1.268563
0.8727743
0.9209232
1.090157
1.189763
0.8589728
0.8763816
0.7651616
0.9726353
0.6866692
0.6360727
1.006368
0.6589659
0.9451487
0.6011118
0.5414191
0.815654
0.9856186
0.7788938
0.7764038
0.7782231
1.07284
0.7750251
1.016002
0.5722463
0.8299772
0.8767984
1.028057
1.031646
0.8935478
1.778618
1.398295
1.155002
1.298258
0.8955828
1.039555
0.9226109
0.7726991
0.8650874
0.9174496
0.7501641
0.885232
1.041475
0.9274878
1.072075
1.116224
1.055777
1.133676
1.342435
1.130012
1.244854
0.8319458
0.8400006
0.7715044
1.038624
0.8130214
0.968228
0.9700686
0.7286809
0.7658506
0.8809287
0.5311489
0.4752806
0.596953
0.5681752
0.6028334
0.7387423
0.537226
0.794947
0.8708423
0.9950014
0.7988878
0.7587072
0.6856631
0.6100269
0.7293938
0.7406874
0.882818
1.01867
0.7881641
0.7852131
0.6467578
0.8724276
0.8868449
0.5621088
0.6506421
0.8740673
0.6843694
0.9606325
0.7741834
1.003487
0.6407543
0.8598582
1.062054
1.477927
1.50304
0.9545666
1.051666
0.8966782
1.245976
1.704027
1.007543
1.333639
1.80019
1.327141
0.9933627
1.213441
0.8675205
1.071912
0.9174514
1.131155
0.88976
1.104188
0.832071
0.7893464
0.8888669
0.7623166
1.12896
0.5836869
0.6785756
0.8426153
0.7828221
1.257416
0.9498399
1.297287
0.9417022
0.8675037
0.7464595
0.8134742
0.817664
1.160572
0.9988746
0.8592531
1.081738
1.325008
1.201181
1.400982
1.123411
1.406026
1.188275
1.088012
1.087684
1.016137
1.150305
1.384135
1.511944
1.442297
1.137872
1.038216
1.058476
0.8991768
1.022734
0.8077297
0.944975
0.8237968
1.105444
0.9659497
0.7395889
0.9277702
0.6562995
0.9646577
0.6067832
0.6503559
0.8006962
0.6950814
1.106379
1.002921
0.5640378
0.8488994
0.9816465
0.7800396
0.4785082
0.7654384
0.7443262
0.5066455
0.7358393
0.6121305
0.6804757
0.9489699
0.8216343
0.6825185
0.6629576
0.7173539
0.7252573
0.8001716
0.9860187
0.9214531
0.9997668
1.118083
0.8100139
1.497299
1.349935
1.114408
1.21349
0.8072827
0.6786982
0.7847827
0.8901618
0.8352353
0.8271812
0.7884682
0.8662879
0.6601328
0.6777726
0.8787052
0.8576005
1.016073
0.665977
1.351355
0.96884
0.7438051
0.8934924
1.415288
1.633005
0.919148
1.060288
1.077022
1.211523
1.030596
0.9233832
1.007792
1.093852
1.064807
1.801628
1.874849
1.607598
1.246857
1.343694
2.124584
1.311189
1.455223
1.381042
0.7247862
0.9172333
0.9161227
1.364262
1.392566
1.344243
1.093661
1.453326
0.8016711
0.6947354
1.119693
0.9976346
1.082769
0.8313168
1.02246
1.238667
0.8730876
0.9190277
1.010761
1.645353
1.106998
1.160446
1.103834
1.370419
1.043452
0.7766629
0.9362214
0.7239951
0.8728976
0.8944475
0.8242569
0.7164696
1.061041
0.7520076
0.6663942
0.7703012
1.08373
0.8976413
0.9153104
0.7267362
1.424262
1.333514
1.084438
1.867994
1.46474
1.026822
1.18678
0.7072265
1.052425
1.384818
1.098197
0.9374434
1.277326
0.8519628
0.5954508
0.6244907
0.4395619
1.061496
0.9949078
0.8221562
1.111977
0.7624431
0.9536267
0.8448802
0.9754766
0.8739942
0.6597887
0.6104055
0.8608419
0.6305486
0.7876212
0.6003629
0.8283345
0.487669
0.6524037
0.753817
0.7300498
0.557025
0.4948348
0.9095341
0.6854023
0.9735121
1.077665
1.022288
1.201336
0.9264794
1.199893
0.9956949
1.348265
0.9956767
0.9681003
0.6627603
0.85869
0.821208
0.8538475
0.8391602
0.7590608
1.050718
0.9394336
1.169236
0.7349941
1.047475
1.232226
1.338322
0.9168384
1.005046
0.9439598
0.9038674
0.6630284
0.8534175
1.258358
0.7190534
0.6532171
0.6987469
0.5123119
0.7769392
0.7632561
0.5919383
0.8014641
0.5984472
0.6779545
0.7503518
0.779871
0.9829939
0.5596614
0.7620654
0.8878351
0.9530051
1.053789
0.8323699
0.6760899
0.7314211
0.6927669
1.005813
0.8422118
1.169434
0.912349
0.9561805
0.7082724
0.8746708
1.07681
0.8502806
0.7786904
0.6672816
1.016273
1.118409
1.156417
0.8390726
1.034264
0.8155823
0.8649443
0.8175176
0.7381749
0.4839293
0.6309087
0.6428036
0.9639068
0.716026
0.4616704
1.087698
0.8399429
1.019889
0.7836119
0.6934953
0.8837835
0.7360865
0.8451229
0.7121841
0.6440322
0.6595671
0.8040749
0.8394752
0.6717947
1.117794
0.86972
0.8611604
1.029717
0.9525002
0.9909036
1.221772
1.160667
0.9085554
1.138451
0.8540935
0.9845609
1.330059
1.00545
0.6139149
0.7035859
0.9260789
0.8198963
1.086738
1.244908
1.022739
1.109404
0.93272
1.151826
1.012328
1.0323
1.107559
0.8900576
0.6854962
0.8847717
1.064293
1.125341
1.692914
1.048137
0.752838
1.159609
0.9225798
0.8474667
0.9070925
1.071211
0.8553297
1.491878
0.8484875
0.9763898
1.170812
1.241878
0.7943042
1.27687
0.9208352
0.8491685
1.389412
1.298939
1.125853
1.609826
1.214558
0.8933855
1.376345
1.011557
1.214225
1.107653
1.600835
1.430751
0.9244209
0.7817884
1.016814
0.8209472
1.13079
1.144393
1.099978
0.8270696
0.6711323
0.8188172
0.8385001
1.051171
0.9597037
0.8335849
1.069777
1.519056
0.9937239
1.108789
1.468532
1.156427
0.8897586
0.7004989
1.509978
0.9389811
1.555896
1.313642
1.401669
1.320467
0.8990965
1.365551
1.319082
1.258476
0.9701795
1.035112
1.137194
1.172045
0.8977173
1.226929
0.7009904
1.040234
1.205825
1.186457
0.728371
0.9015171
0.7088178
0.887668
0.9479765
0.8666297
0.5687766
0.5249668
0.5798183
0.6987559
0.7024269
0.7990608
0.8536911
0.6170607
0.7047141
0.6579044
0.6973231
0.9117065
0.7050621
0.7916181
0.7151756
0.9274184
1.223875
1.457262
0.9104474
0.8550711
0.8722289
1.056904
0.8258802
0.8340494
0.8109794
0.7297016
0.7790041
0.8861241
0.7440891
0.8921943
0.88338
0.8411159
0.8318692
0.6549974
0.8417224
0.7552877
0.7570698
0.6993722
0.7592304
0.8745604
0.9523155
1.410804
1.058581
1.016375
0.874434
1.07414
1.058986
1.082707
0.6365074
0.828353
0.9853278
0.9795688
1.169562
0.6574678
1.074808
0.8884988
1.044556
1.155335
0.7409665
0.9437355
0.892997
0.8135797
0.8016607
0.7578449
1.21571
1.085737
0.9091851
1.153175
0.9540588
0.9330274
0.9390652
1.010772
1.166573
0.9281358
1.622908
0.8243546
1.16951
0.7939187
0.8285843
0.7809903
0.9800343
1.001401
0.822348
0.7612013
1.267938
1.293811
1.220181
1.226507
1.062559
1.107461
1.280302
1.655511
1.575903
1.400928
1.351751
1.366837
1.789945
1.470476
2.032155
1.192533
1.153869
1.037153
1.171195
1.111554
1.114209
0.7512497
1.191383
0.9690438
0.8349316
0.9511062
0.7981078
1.127146
1.48465
1.444167
1.270884
1.40622
1.710597
1.100253
1.234294
1.096568
1.205862
1.624273
1.330089
0.8401363
1.428152
0.8374653
0.9255195
1.149997
1.06818
0.7850833
1.199789
1.076806
0.6008017
0.9942292
0.8234299
0.8932989
0.7894061
1.324856
1.121959
0.8080909
1.041074
1.046866
1.212741
1.24537
1.319274
0.9614121
0.9683098
1.106578
1.020183
0.9253678
1.299502
1.086722
1.011588
1.306214
1.163797
1.026855
1.102473
1.789403
1.462992
1.34684
1.152278
0.9738337
1.12072
1.161776
1.05894
0.6758699
0.5768876
1.144861
1.146006
1.21964
0.9538074
1.321869
1.026532
1.176011
0.7531734
0.7038366
0.7639912
0.7249275
0.9562101
0.7106437
0.7775244
0.7873082
0.7332886
0.9835346
1.219304
0.7567579
0.9301445
0.9176934
0.8784623
0.8104603
0.9702931
0.5826057
0.7501589
0.5748387
0.9084746
0.5810028
0.6069241
0.6937525
0.7246708
0.9699733
0.7974484
0.7099225
0.8369926
1.034715
0.6981781
1.004656
0.7292209
0.9790538
0.778317
0.6095503
0.8710674
1.28018
1.122076
0.7146158
0.6918457
0.8792974
0.8890619
0.9484403
0.7727509
0.6454135
0.8610099
0.7510909
0.7076742
0.920604
0.6214038
0.8389526
0.5979659
0.6846838
0.8535232
0.6679728
1.164015
1.091821
0.8920095
0.9200318
0.5416705
1.204439
0.9758193
1.038556
0.9189737
1.072412
1.422441
0.9436794
1.006855
0.90458
0.8719969
0.6755701
0.7436909
0.7992961
0.6877257
0.6938245
0.5876763
0.8241161
0.6005429
0.7479158
0.9235412
0.9974788
0.9912519
0.8718841
0.9087342
1.131605
0.885403
0.8559863
0.8386469
1.017599
1.135391
1.174678
1.048358
0.8424097
0.8579006
1.21988
1.1285
1.467131
1.136919
0.7587032
1.145252
0.9028797
0.8918495
1.197712
0.7601248
1.43996
1.562804
1.718002
1.286089
1.307254
1.640255
1.144613
0.9549857
0.9082674
1.051504
0.9030968
0.8426511
1.162177
1.220492
1.405197
0.973096
0.934977
0.9160069
1.042458
0.8397479
0.7896652
0.7314011
0.7923043
0.7024722
0.7663792
0.833706
1.062062
1.12354
0.7287512
0.9540474
0.902349
1.088312
0.833564
1.166828
1.03803
1.310697
1.460677
1.196027
1.176396
1.244317
1.170413
0.9585422
0.7770174
1.230082
1.072166
1.355624
1.821161
1.244742
0.903992
1.203318
0.7232543
1.066836
1.295522
0.9366146
0.8364728
0.7549442
0.9212701
0.5666797
0.779213
0.5860873
0.7207718
0.8289022
0.7614105
0.6881143
0.6768371
0.8454415
0.8180381
0.9339929
1.058899
1.117301
1.532717
1.141925
1.010205
1.103743
1.30343
1.380486
1.070131
1.108871
0.9364116
1.019408
0.9480685
0.8004887
0.5711391
0.7402309
0.943913
0.761436
0.8837604
0.7101901
0.7455553
0.5821878
0.8979274
1.038574
0.9012746
0.8958212
0.7853523
0.6156402
0.8604868
0.9257554
0.6065388
0.757072
0.6213687
1.03125
0.8436022
0.9930303
0.8916089
1.444696
0.9288691
1.175519
1.285605
1.269737
0.9253722
0.8302783
1.113525
1.038454
1.11467
0.6951436
0.9736176
0.9731583
0.5641461
0.7284402
1.135884
0.83402
0.7906956
0.8467328
0.9795436
1.047116
0.9547721
0.9525845
0.8591194
0.8756936
0.9407874
0.5002307
0.6791593
0.7640066
0.6334719
0.7127464
0.9721657
0.8073732
0.8741031
0.7696044
0.7337014
1.071928
0.8343288
1.011456
0.8785794
0.8031258
1.402394
0.9752497
0.7274552
0.9907353
1.027791
0.8897585
1.259484
1.287859
1.254756
1.55046
11.77006
9.038895
6.224135
5.121118
5.645257
5.478733
5.931049
4.065109
4.386346
5.010194
4.692939
5.915827
5.606437
4.303445
3.623526
2.789217
2.414337
2.070826
1.869767
1.945394
1.460092
2.157801
2.324452
1.452554
1.796343
2.407901
2.417063
2.707524
2.342122
2.477408
1.872011
1.351555
0.8213688
0.9073925
0.6625195
0.6374134
0.4688039
0.4367644
0.4388716
0.4740511
0.5116505
0.305201
0.2967202
0.2958866
0.2367503
0.2198756
0.3245065
0.303452
0.2436249
0.2723509
0.3008119
0.3472291
0.279172
0.326355
0.4340355
0.3447131
0.2616693
0.1802846
0.2348903
0.3461611
0.3507976
0.2936394
0.3288671
0.5854546
0.606614
0.5671242
0.6823616
0.5893525
0.756456
0.7264498
0.6353266
0.5336586
0.6298177
0.6122094
0.4263211
0.5755852
0.4709158
0.5301241
0.5513647
0.6155825
0.9632123
0.8601818
0.8209577
0.6425209
0.6690767
0.4008164
0.490261
0.5757006
0.5094537
0.3518673
0.3133182
0.3039466
0.2239783
0.1828852
0.1472671
0.1347835
0.09458258
0.1394323
0.1015749
0.09191376
0.07870752
0.1012558
0.1089755
0.1773696
0.17861
0.1118828
0.1435828
0.1361474
0.117155
0.1408753
0.1292257
0.1652241
0.2665069
0.1749634
0.1295789
0.2174845
0.1963793
0.1819016
0.2553428
0.1545601
0.1178201
0.2028367
0.1602151
0.1555261
0.1419328
0.1616462
0.1778878
0.1891873
0.1739748
0.1412345
0.2028052
0.3340701
0.3288318
0.3391305
0.3632893
0.4459304
0.4824424
0.421487
0.5929532
0.4195942
0.3538187
0.3317607
0.3077796
0.3301795
0.3993389
0.3799518
0.4511016
0.6919685
0.4670598
0.604056
0.6694475
0.6392989
0.6262312
0.6023817
0.5268658
0.5565592
0.399822
0.3225491
0.343833
0.4258367
0.4174861
0.4485375
0.4320029
0.2080832
0.1831863
0.187816
0.2218259
0.2383322
0.2501573
0.2915444
0.3138024
0.3833002
0.4390911
0.4860424
0.3500288
0.3910933
0.5309544
0.3500141
0.3486636
0.3567023
0.4479131
0.3771281
0.376399
0.4285832
0.5048643
0.3688483
0.2086744
0.2705481
0.2458411
0.2134178
0.1707765
0.2264442
0.1809389
0.2765505
0.2622949
0.2516917
0.1948038
0.2418954
0.199443
0.1966466
0.1537721
0.1318074
0.1116982
0.1215301
0.1252298
0.1438455
0.1606581
0.1592948
0.1684796
0.166476
0.2414143
0.228892
0.3051877
0.1983867
0.2069446
0.1630209
0.1630281
0.1360222
0.153085
0.1781653
0.1753152
0.2471023
0.2765596
0.1940948
0.1878619
0.1927679
0.2114571
0.2558654
0.2266768
0.2465891
0.2033463
0.1871134
0.1818435
0.1775865
0.233467
0.2826148
0.266716
0.3231878
0.3332446
0.318091
0.3758409
0.2577877
0.2674152
0.2642347
0.2715158
0.2158986
0.2568431
0.3330202
0.2608923
0.2768988
0.2360193
0.3065809
0.284598
0.2063085
0.2649657
0.3190803
0.2234121
0.2117858
0.2341808
0.224384
0.2293082
0.2389966
0.1999832
0.2739369
0.2793986
0.2282285
0.2793638
0.2004211
0.277825
0.3486538
0.3196671
0.2547056
0.2704522
0.3773804
0.3194423
0.2628069
0.3085958
0.3200638
0.3441237
0.2885256
0.4751387
0.4870486
0.3786819
0.4050619
0.5108704
0.6628157
0.5345887
0.323199
0.3283056
0.2550424
0.206551
0.229686
0.2694821
0.2831305
0.4519095
0.6555139
0.453112
0.3354638
0.4429103
0.4414518
0.4592785
0.2911151
0.2816741
0.2929594
0.1900445
0.1433842
0.1819768
0.242067
0.3298109
0.3181278
0.3760484
0.336033
0.3994679
0.6289745
0.5744795
0.8762614
0.8890476
0.669867
0.9202962
1.140003
1.206836
0.8540424
0.6415999
0.8012056
0.7632751
0.5963747
0.3515614
0.358628
0.3773139
0.3391033
0.3987969
0.4850354
0.3968685
0.5407164
0.4361571
0.3549083
0.4422801
0.4138155
0.4343937
0.3224179
0.4594801
0.4961187
0.5932292
0.4675459
0.5196975
0.5445083
0.4920755
0.5003142
0.3338379
0.3722536
0.3859389
0.3268905
0.3993095
0.5508305
0.4374903
0.7053933
0.7760887
0.5860012
0.5936942
0.7009725
0.5133864
0.5385155
0.7403763
0.5281937
0.4990844
0.3705562
0.3162953
0.2653743
0.1713772
0.2025517
0.1920586
0.2400701
0.2212978
0.2590831
0.2675411
0.2477703
0.3832716
0.3897409
0.311721
0.4300834
0.4198155
0.4176421
0.5157906
0.3835823
0.5985567
0.4556247
0.5879925
0.5284831
0.6109022
1.090983
1.034977
1.230562
1.09925
0.9131479
0.7410024
0.8140028
0.9093872
0.7689373
0.7149403
0.6912167
0.6396002
0.6752755
0.7069729
0.8027377
0.8517061
0.7989859
0.984816
1.300069
1.073298
1.06484
0.9636027
0.6613234
0.7148942
0.7923381
0.6928991
0.6483752
0.8109918
0.9660766
1.080165
0.8384534
1.046656
0.7684341
0.4067835
0.6667501
1.112892
2.025068
1.501075
1.638828
1.307254
0.9516908
1.452677
1.608595
1.632432
1.605371
1.28411
1.27256
1.112553
0.75226
0.7880667
1.028372
2.747443
2.093444
1.168527
1.203309
1.171859
0.9032811
0.8722568
0.7508643
1.003949
1.302759
1.325628
1.155227
1.225058
1.076959
0.9316253
1.089354
1.02925
1.053585
1.026122
1.202037
1.239508
0.772054
0.7580785
0.685695
0.6300805
0.8440307
0.9818033
1.027243
1.1885
0.889354
1.371292
0.9065114
1.06276
1.238152
1.321339
1.319929
1.68246
1.345929
0.9446211
0.7459624
0.68382
0.6050939
0.3840619
0.4692932
0.4938067
0.5898085
0.4577443
0.5001078
0.3572324
0.5242265
0.6689141
0.4908384
0.5454404
0.7313442
1.042842
1.338572
1.215472
1.494936
1.001485
0.8438157
0.9043568
0.9698022
1.208215
1.437537
1.476128
1.676107
1.620036
1.550272
1.09083
0.756308
0.712068
0.5386019
0.7073808
0.6201768
0.6306888
0.3949038
0.3462997
0.3506475
0.5302977
0.4882783
0.4479228
0.3364434
0.440476
0.3211177
0.238
0.2995307
0.22158
0.119718
0.09908499
0.07708874
0.0819456
0.07997945
0.105878
0.1185841
0.074686
0.09946495
0.1174378
0.1266313
0.1092686
0.1074883
0.09920042
0.07891051
0.09386708
0.07572022
0.1203139
0.1368879
0.1562682
0.1860198
0.250308
0.1310875
0.104123
0.0908104
0.09070044
0.07449503
0.05306834
0.07430375
0.08642442
0.1067161
0.1172139
0.1708145
0.1604863
0.1944531
0.3022327
0.270259
0.2072765
0.1395326
0.1039747
0.1185684
0.09461569
0.07077383
0.07919633
0.09494268
0.1277354
0.1673967
0.1503214
0.233842
0.3684789
0.3670379
0.2465801
0.1918577
0.2047852
0.1512242
0.2430778
0.2330394
0.2528384
0.2329233
0.2133052
0.1944826
0.2355271
0.1472198
0.1177126
0.1124001
0.1622437
0.1894222
0.2383116
0.3406969
0.2240302
0.1792067
0.2235048
0.3151428
0.2727565
0.2552844
0.2885141
0.3800844
0.2673051
0.2238828
0.2341915
0.2164774
0.2961785
0.3439071
0.3553295
0.3415935
0.2521763
0.351228
0.4461104
0.4046502
0.3786306
0.245478
0.2140838
0.2662633
0.2964951
0.3491693
0.4990315
0.2859844
0.2282772
0.4012608
0.5772354
0.4359656
0.4752863
0.3874651
0.4015904
0.3745823
0.4445139
0.6092055
0.4288957
0.3641691
0.4246322
0.3719689
0.2885738
0.3503902
0.4191277
0.4859806
0.4135964
0.5793737
0.7665414
0.7790098
0.6899208
0.7293699
0.8701688
1.183203
1.143332
0.8745907
0.6632425
0.5934759
0.4531545
0.4220518
0.4193289
0.4353279
0.4606615
0.3585303
0.3015484
0.2447256
0.2770271
0.4130486
0.3282784
0.3541289
0.3498829
0.4388634
0.4968741
0.3522801
0.3847362
0.5297825
0.6569484
0.5390284
0.5753351
0.4445024
0.3996905
0.4607246
0.4295818
0.3943053
0.3668928
0.2626127
0.2418253
0.2078086
0.2110625
0.2305522
0.2359547
0.3313246
0.3971062
0.335587
0.2186107
0.2241553
0.1956392
0.2167511
0.1420377
0.189021
0.1681971
0.187646
0.2004786
0.2292413
0.2140817
0.2641658
0.1724836
0.1854559
0.2872546
0.2887058
0.3021967
0.2547189
0.2128226
0.2980952
0.3168292
0.3102522
0.4148997
0.6480072
0.5569922
0.611403
0.7046627
0.6343494
0.7337539
0.6375266
0.6666626
0.7302435
0.7028575
1.120931
0.8484611
0.8016565
1.335241
1.409875
1.560171
1.179468
1.046483
0.8823633
1.081388
1.662123
1.095705
0.9947957
0.936422
1.066169
1.156163
1.224489
1.236065
0.884903
0.8823256
0.7790649
0.7838825
0.560563
0.6517176
0.5235017
0.5108241
0.6066784
0.6936602
1.238438
0.8696055
0.7568985
0.5143255
0.4970299
0.3876635
0.3951898
0.3891803
0.2683303
0.3215617
0.3290499
0.3598504
0.4271532
0.3871037
0.2946
0.2705515
0.372081
0.4908504
0.6803041
0.3806338
0.4229996
0.2855627
0.4419807
0.5239309
0.5628442
0.5830871
0.3472781
0.2265923
0.2120648
0.1554031
0.2429383
0.3442203
0.3171516
0.33075
0.274704
0.3510396
0.31873
0.3966632
0.4251231
0.451957
0.5282783
0.5481401
0.8205147
0.7622611
0.9042324
0.8131909
1.080721
0.8670336
1.031375
1.083732
1.078696
1.317012
1.46147
1.940459
1.889081
2.551542
2.780549
3.533213
3.056525
1.726511
1.737985
1.928726
1.191226
1.227514
1.397187
1.200706
1.520819
1.031889
0.8127288
0.8068917
0.5981525
0.6973978
0.7335498
0.8376571
1.249419
0.7521894
0.4790358
0.4245781
0.2842482
0.3541055
0.381217
0.3986246
0.4430584
0.7834839
0.383969
0.499332
0.4266472
0.3366663
0.4173729
0.3549591
0.2743495
0.2711388
0.2659545
0.2456215
0.1627784
0.1305162
0.1651009
0.1419299
0.161028
0.259715
0.3612768
0.4292617
0.4326685
0.313006
0.288867
0.3629545
0.3520545
0.3166389
0.4642798
0.5103791
0.438728
0.6196432
0.4384096
0.5541942
0.7402166
0.9282014
0.7769118
0.8833946
1.279931
1.130189
1.201386
1.769488
2.194959
1.885137
1.779092
1.073097
0.7509204
0.7317001
0.8036672
0.8000118
0.7651214
0.8481295
0.8900101
0.7858618
0.5103803
0.4905716
0.5025539
0.5235972
0.4821279
0.6142258
0.59221
0.6217919
0.7714436
0.9334559
1.003605
0.9675635
0.777898
0.6154817
0.5741744
0.6218826
0.6521971
0.4790964
0.5651461
0.5941852
0.9068051
0.9398489
0.8446847
0.8729591
0.6574939
0.4905982
0.5516592
0.7278196
0.9502806
1.129837
0.7451504
0.5605877
0.4350394
0.4312476
0.449276
0.5099328
0.4869595
0.6407892
0.7247455
0.6393645
0.5600344
0.4717683
0.3926954
0.3738841
0.4700225
0.5162711
0.6853275
0.6267842
0.8464487
0.9980006
0.5306331
0.8445382
0.5957232
0.4131531
0.3628087
0.5250764
0.5594003
0.4113398
0.2840322
0.2531373
0.223779
0.174457
0.1494339
0.1824604
0.2205842
0.1597238
0.1749728
0.1939407
0.2103757
0.1811752
0.1647306
0.236622
0.2804955
0.2044881
0.2611625
0.3180464
0.2616286
0.2724146
0.307586
0.3802118
0.376011
0.4310158
0.4625336
0.38619
0.3140326
0.2458774
0.2206081
0.1888823
0.1513688
0.2759916
0.2168075
0.2156605
0.2787945
0.2321256
0.1985555
0.2097712
0.2018539
0.2772712
0.2486837
0.3518088
0.221396
0.3369423
0.3354027
0.2307303
0.1652906
0.2025666
0.2159662
0.1621634
0.1859818
0.2659395
0.2776273
0.3622659
0.2070986
0.18806
0.1628763
0.1071162
0.1332835
0.1554464
0.1478399
0.2580574
0.2791611
0.2030162
0.3134471
0.4717612
0.4817262
0.3847059
0.3288791
0.4130981
0.3464067
0.4075281
0.3386074
0.4656237
0.2985656
0.2109969
0.2531048
0.3359842
0.3020058
0.4618518
0.4376048
0.3578424
0.4046059
0.6467183
0.7124067
0.7016023
0.8352719
0.6667392
0.9014891
0.5896796
0.6104286
0.4533966
0.3606596
0.4737672
0.427576
0.3682535
0.6187132
0.5509503
0.5509229
0.4775578
0.5678945
0.5020439
0.3997575
0.3757499
0.5094103
0.5416188
0.2970242
0.255543
0.2514101
0.2582917
0.1891863
0.1779309
0.2073025
0.2534538
0.2677459
0.4912731
0.6980093
0.8158431
0.3801135
0.397426
0.3804796
0.4588304
0.3921847
0.539249
0.4747251
0.4254886
0.4043057
0.2675088
0.318102
0.2326819
0.3769669
0.5507025
0.5323238
0.6414935
0.3301283
0.3553366
0.5475626
0.6709582
0.8320211
1.030945
0.6811016
0.5426131
0.6108243
0.4208287
0.3535561
0.3160437
0.3617724
0.3421363
0.4025039
0.2953729
0.1998616
0.1562678
0.1821991
0.1800705
0.1089063
0.06661924
0.08929261
0.1652255
0.1553343
0.09930106
0.0810098
0.06829
0.0572828
0.08425199
0.08895558
0.0733119
0.09891762
0.1012289
0.1888352
0.1597779
0.1911502
0.1492541
0.2122285
0.2715023
0.3459491
0.4270917
0.352795
0.4063127
0.6318542
0.4943038
0.352823
0.5188657
0.5592831
0.4456399
0.4391302
0.6413957
0.9097852
1.068609
1.012473
2.044371
1.473998
1.472583
1.522436
1.354253
1.001791
1.180211
1.155845
0.9566781
0.9216727
1.058497
1.199136
0.9897197
0.929955
0.9819555
1.152221
0.845438
0.777121
0.7155408
0.531516
0.514766
0.38332
0.3340472
0.3318522
0.3222862
0.2787815
0.2462326
0.2298726
0.2036864
0.1545215
0.1382217
0.1211672
0.1052784
0.1215555
0.1812551
0.19278
0.2053206
0.2745782
0.3435445
0.338228
0.4322007
0.3384475
0.5351002
0.3610192
0.236944
0.271683
0.3163025
0.2241219
0.2339138
0.2944882
0.330904
0.4055829
0.3056283
0.2149248
0.2853804
0.2395533
0.3423096
0.5038824
0.4516009
0.5685263
0.4799669
0.3681285
0.2987088
0.2995195
0.4080043
0.3478835
0.303902
0.2880605
0.3663859
0.497353
0.4437723
0.4548346
0.6300116
0.8162204
0.5123718
0.5347962
0.4274084
0.7084293
0.939741
0.9111731
1.055654
1.093861
1.462525
1.399734
1.264747
1.477368
1.097046
0.992939
0.9262988
1.403998
0.9398027
0.7242243
0.6464276
0.5326863
0.3686148
0.3694864
0.3546616
0.4095166
0.243492
0.2551628
0.1938354
0.1989281
0.2197214
0.3344463
0.3230048
0.366823
0.4790182
0.5401775
0.3616843
0.4155461
0.2870022
0.4643832
0.3440239
0.305805
0.2204164
0.1987727
0.182951
0.2325428
0.2382704
0.2457834
0.2432518
0.2182872
0.2095328
0.253295
0.2561882
0.2834587
0.2565986
0.3341049
0.2634746
0.2538298
0.2635495
0.1827408
0.199605
0.2199787
0.2168224
0.2796594
0.2182475
0.1589383
0.2114213
0.1961435
0.1627174
0.1046744
0.09819099
0.1299174
0.1465561
0.1271031
0.1087275
0.1128634
0.1140223
0.1391345
0.1070245
0.1445756
0.1340941
0.1523754
0.108639
0.1044726
0.1006115
0.1641993
0.1174348
0.07166419
0.06089954
0.05964895
0.06456789
0.07709002
0.07226279
0.08206241
0.1074572
0.1383479
0.1247764
0.09745216
0.1099295
0.163248
0.144391
0.1105712
0.1095725
0.1162717
0.112563
0.1597914
0.1471613
0.2055109
0.237945
0.2957644
0.3210577
0.2494613
0.194596
0.2241402
0.2634424
0.2403701
0.3598926
0.3444358
0.322148
0.2748355
0.2806789
0.299499
0.3261675
0.3260846
0.2249959
0.1884728
0.2027571
0.2895433
0.2156766
0.2369732
0.2246446
0.1720659
0.2462966
0.2401146
0.2740752
0.2675516
0.1976726
0.2049116
0.200629
0.1727028
0.1716391
0.2145396
0.2417715
0.2620475
0.2796496
0.2015537
0.2126031
0.3014888
0.3360367
0.4175594
0.3586942
0.4202248
0.377034
0.2809276
0.2712118
0.1376402
0.215601
0.3353201
0.2164866
0.1800095
0.1748001
0.2422527
0.2236697
0.2693594
0.1911015
0.1854029
0.202749
0.3506629
0.4529255
0.3043409
0.3929778
0.3948777
0.5356988
0.6743352
0.7365952
1.940652
2.912084
3.481905
3.774955
4.614972
2.521755
2.374855
2.713546
1.961452
1.336389
1.487048
1.209813
0.7203717
0.5575062
0.4921552
0.4299577
0.505101
0.6688778
0.6159867
0.6018773
0.6479484
0.6781104
0.6658876
0.7773528
0.5841992
0.6997113
0.8184748
0.8094741
0.8600153
0.448813
0.4054817
0.4418046
0.4817639
0.5182387
0.6295763
0.6462031
0.6112767
0.6087269
0.5321992
0.2948457
0.2777161
0.3105902
0.2916966
0.2724335
0.3331476
0.3624872
0.3391546
0.3633161
0.3342179
0.3831232
0.3498161
0.3372505
0.3125077
0.3397561
0.4016202
0.6517952
0.8749714
0.8472628
0.8752319
0.8125608
0.7330396
0.5250085
0.5492879
0.5014885
0.4751435
0.5981854
0.777143
1.032997
1.600446
1.247025
0.917864
1.027288
0.655206
0.616916
0.5940654
1.087066
0.9606264
0.826286
0.8439716
0.9797403
0.7779826
0.5417369
0.5993348
0.8663243
0.5955348
0.4550814
0.5216597
0.513318
0.5647595
0.599986
0.4808291
0.4884546
0.3920932
0.2533406
0.2028853
0.1706647
0.2095435
0.2197056
0.2055309
0.1983269
0.1767154
0.1483567
0.2138784
0.1481199
0.2080712
0.3543411
0.2674249
0.2934235
0.4070663
0.6499315
0.6843765
0.7289273
0.5237247
0.4934478
0.3991642
0.4382255
0.3608182
0.5252901
0.6744363
0.6435822
0.5802155
0.4599099
0.4593398
0.6417727
0.7247244
0.9772916
0.5622894
0.400485
0.3738697
0.3268378
0.2270681
0.2082805
0.2144245
0.1369482
0.1664528
0.1394128
0.1278865
0.1958761
0.1380288
0.1198711
0.1330242
0.1469669
0.1911072
0.1028962
0.08258199
0.06408877
0.1022991
0.125354
0.1414697
0.1813627
0.1516053
0.1230223
0.1317063
0.1251666
0.1273059
0.09150925
0.06454994
0.0732098
0.09306551
0.1181848
0.1441376
